rab.all	rab.win.Female	rab.win.Male	diff.btw	diff.win	effect	overlap	we.ep	we.eBH	wi.ep	wi.eBH
54	2.64104121188995	2.25183353513285	2.89494345106686	0.527100120085548	1.92653321730034	0.259927886420711	0.381510417376143	0.0413501399272294	0.987899194006203	0.0263540689782756	0.977732751993419
55	4.64437617521932	4.26585653377888	4.85003229320263	0.459535173554331	1.86916275635809	0.235333624329221	0.398437500598672	0.0797582196227125	0.988029357064592	0.0487962376242186	0.982047707554278
94	1.66880135678107	1.43093202295249	1.8883729475149	0.525740201542989	2.1877601271812	0.218062100000855	0.385837022289268	0.0242684871128349	0.985249916954749	0.0345141385579369	0.978337741194541
758	0.0956684352774708	-0.182041051378889	0.259453604002887	0.52932044693498	2.19064937253044	0.21616711880403	0.390104167319258	0.0336183598342737	0.983021727396444	0.0350193973798203	0.954125169082887
92	2.42581746210961	2.98911057309289	2.1078788612251	-0.463483699633842	2.02986827314911	-0.214790866134207	0.399479167258678	0.0794029102881909	0.988029357064592	0.0479774406588854	0.979763814715232
33	4.55965124870034	4.28778052308953	4.79608400044777	0.389642210128562	1.82822367515081	0.212310391193785	0.403385417233852	0.07563881446422	0.988496496788356	0.0675084813029797	0.983241221265107
1421	2.58308099630277	2.30014525996538	2.7879932704849	0.453747951953517	2.2039561554584	0.194130298455485	0.394428534860018	0.0569778585837183	0.988029357064592	0.0381390115159829	0.980325185510245
68	2.21680115008518	2.51001640711518	2.07542066479508	-0.468764763972523	2.37213119112461	-0.189089380436377	0.409375000529555	0.0763157569630916	0.988029357064592	0.0846578430169354	0.984159334246351
70	2.61417667415961	2.85617134484777	2.48999947132364	-0.419976211018447	2.15607657574439	-0.179930966284525	0.415256444127298	0.0669425054024366	0.987813407102594	0.0782665462411807	0.984236265927375
12	5.35669581433222	5.52164709395045	5.22754068242506	-0.275568018398558	1.37532043070404	-0.179110926821348	0.419791667131929	0.0969521128876252	0.988496496788356	0.0836128759905454	0.985208046642939
73	1.79568684192748	1.50547775049813	1.97672152554446	0.477485714757829	2.42775219674631	0.176460648946215	0.416666667151073	0.193159963850978	0.988496496788356	0.092124784220987	0.985022633768334
1	5.3576474041211	5.04849228685216	5.5172943854982	0.526875169669134	2.72419851520097	0.17194370331049	0.417968750476415	0.0637623941275071	0.988029357064592	0.0898231876489237	0.986487658281459
87	1.69923745522071	1.40342513545121	1.88041748372876	0.352097628306486	1.90877643662348	0.163301180545949	0.419682374847359	0.176143727737183	0.988496496788356	0.0934271198092889	0.981880943989585
147	0.371473428748677	0.0188604434878252	0.573010332548536	0.538837082404021	2.86266849587287	0.161467033268149	0.409268420212319	0.61480075633644	0.989690948352763	0.105554277204494	0.983338630508547
1526	-0.629544241747523	-0.21188355131837	-0.888169693660185	-0.632735981294567	3.59017772410446	-0.145970469999693	0.419942723713252	0.326931220734128	0.989187141073981	0.152789875520123	0.984941439932666
426	1.86831550987203	1.7019651860873	2.0743495319846	0.306141434309842	1.99728239275766	0.144951203738092	0.420572917127162	0.0965366891552147	0.988029357064592	0.1282125305102	0.983569248912633
1754	0.0280058166909711	-0.204121308168427	0.194086191046991	0.459617815075024	2.87526924584823	0.143018726028257	0.423327258969938	0.118926250103792	0.988029357064592	0.115628203158836	0.984662425049175
154	0.915750040018238	1.25257488057504	0.719653361378798	-0.492689590123845	3.01152904082067	-0.1396807814791	0.425260417098704	0.268596056073156	0.988627631520341	0.138039447929576	0.984574907765652
1891	-2.62169690992511	-2.28781666563122	-2.89598928365383	-0.666895347794613	4.10216899618423	-0.136310043717005	0.422656250447816	0.192790990515674	0.983002890555072	0.196357572617211	0.98381199502388
770	-1.32978466744864	-1.71019989885523	-1.01780486382095	0.566534283941442	3.72090706386775	0.130772498747531	0.432552083721573	0.330514428454488	0.988702985131043	0.184563973713042	0.985868423029536
167	-0.274127534441984	-0.11588020939385	-0.396334605075152	-0.477063150342933	3.29257001274909	-0.128154540029283	0.434261911338538	0.15389821225474	0.988496496788356	0.24342652995357	0.9865075359675
79	1.77265825588977	1.53584674577443	1.98012957565599	0.330281997606415	2.47022635555465	0.127464880463297	0.433593750382027	0.282815647053378	0.988833185788583	0.199466846805957	0.98736036379177
132	-1.47394285875803	-1.84781284773858	-1.19620412515737	0.670018831615114	4.56580799722596	0.126062920372919	0.426711794226751	0.212073372760375	0.988833185788583	0.154045092916478	0.985590323753282
1789	-0.437451147140712	-0.605038580228856	-0.275271399972559	0.385408737094282	2.59097881920872	0.125586583996125	0.425149701031283	0.281430927580431	0.988660178276179	0.182941948929183	0.985984006489868
85	2.05798482091378	2.19458387507828	1.96046007004707	-0.258389618124858	1.93978733278215	-0.124120425371788	0.448320750099799	0.157231890212721	0.988496496788356	0.254540411531606	0.987438756067654
519	2.10361677183848	2.02016329833695	2.19145552385989	0.226081490034134	1.7861073335192	0.122947176439357	0.441666667000881	0.344722462554398	0.988498450231876	0.208109356553405	0.987361740277434
222	-2.53733469027593	-2.9686312025946	-2.25366417373161	0.663878400157403	4.58932172034306	0.121999390690177	0.436605051131964	0.220278973831525	0.983006418257846	0.21793301878824	0.984696939915255
60	1.45567416418753	1.28613254327126	1.55017988166068	0.361456866439707	2.93920404188288	0.119452669928622	0.433593750382027	0.228899658437592	0.988496496788356	0.198547368735511	0.98712891699529
257	-3.02687624079103	-2.57344613724583	-3.34555255194532	-0.596177462983238	4.56767838180528	-0.116048399217146	0.443634470512531	0.299591703850496	0.981602989708853	0.294137938677279	0.983100156707035
78	2.72394938875252	2.97713489466125	2.51168604708653	-0.262116956227088	2.125328488013	-0.114235819217052	0.448060401233835	0.559894744936995	0.989050716597791	0.326838776771941	0.987438756067654
84	-0.625270510209106	-0.860593822069434	-0.409784784425539	0.562287229320539	4.35011961029275	0.114163725895439	0.43671875036345	0.175542467587629	0.988496496788356	0.22315634168645	0.987438756067654
71	0.95840774515697	0.743914657196276	1.1301068387807	0.338044688908107	2.79003684957212	0.11286452024341	0.447395833633948	0.233909226952708	0.988496496788356	0.24291765309044	0.987438756067654
30	4.05841820290354	4.22741058095855	3.9869475799182	-0.248961078430857	2.16731390339758	-0.112025735503378	0.45118458762543	0.23097875882168	0.988496496788356	0.324998619248272	0.987438756067654
31	3.78270618215881	3.66088018325985	3.87639101773176	0.214439828414823	1.85675817176185	0.111231576239972	0.450000000285424	0.255595362119371	0.988497938617246	0.303675191991848	0.987438756067654
91	1.90767124802326	1.81332496544213	1.99174385217158	0.206911732787955	1.64811685787832	0.110822951233235	0.441406250335747	0.185001642449932	0.988496496788356	0.236566094224283	0.987193286977882
141	-1.67443197877708	-1.45494091720221	-1.83565241630824	-0.462595978384245	3.91907719095146	-0.109135682915896	0.434375000377374	0.222386275163484	0.988029357064592	0.248620559809304	0.986355574068807
264	-4.51426692206049	-4.24514409673316	-4.67454411607609	-0.591612163267738	4.64298238297989	-0.105970522301179	0.445717261440185	0.394598990165621	0.983476012413712	0.35902162945993	0.985706848777983
149	1.03698478519155	0.921676498748548	1.11750125651488	0.276001472616419	2.39215231134221	0.105846474456762	0.448437500294533	0.341763023342377	0.988496496788356	0.291739016889432	0.987438756067654
344	1.56893152109018	1.45145113843214	1.6411564864329	0.244963498650154	2.0317600790004	0.104679812518736	0.441812028450863	0.284117112316452	0.988496496788356	0.264618478595124	0.986527855293162
206	-2.56822717137416	-2.09116884555485	-2.99607664338574	-0.558587077915748	4.92540503121628	-0.104235889154805	0.440770632987064	0.444079381295864	0.989043572883652	0.321635397127618	0.987438756067654
783	0.623763575645605	0.834202527938071	0.4709222567465	-0.315679703601292	2.85529202476491	-0.103057295105846	0.434635417042491	0.330443570615707	0.988496496788356	0.217792084353522	0.987020005356887
1610	3.43090495600462	3.28467443937935	3.53152021307014	0.211814655179621	1.99181220258059	0.102052928597168	0.455350169480994	0.339571861404436	0.988496496788356	0.313336581245189	0.987438756067654
139	-0.562766720121157	-0.31921887588584	-0.730294522322684	-0.352032493087191	3.33240644982618	-0.0994847142305254	0.439843750344961	0.356256073980037	0.988530508945173	0.228406960336552	0.985911296048054
74	1.76744265601223	2.04360067506472	1.58583467167469	-0.257611040705055	2.44862979404454	-0.0992082850141021	0.448581098965762	0.540753783459939	0.988839170318391	0.304924443620295	0.987287800123661
4	6.37096093440831	6.25148222085469	6.44065557266612	0.132989530548052	1.3114081263686	0.0978800101440227	0.455610518346971	0.511550992342203	0.98913435565579	0.369395260570166	0.987438756067654
199	-3.73784214158585	-3.33065125259806	-4.00179417701528	-0.564164499889205	5.1886400586852	-0.0977925923665396	0.452746680821254	0.429356500384902	0.98693097876706	0.405003733347775	0.986110311950143
143	-0.71356242926366	-0.564090458731187	-0.833985847420943	-0.391415958763526	3.51828753272231	-0.0975548317474017	0.44010416701009	0.266671798136441	0.988366046064819	0.228458126014286	0.986794487470925
179	-1.83663093187656	-2.11628231812884	-1.61490428832135	0.478296451061981	4.34609764898297	0.0959000363277597	0.443229166991692	0.419382220912584	0.988933031018776	0.280160223262563	0.987377444712836
50	2.11487326765993	2.21247430917182	2.02777416775452	-0.27211110284058	2.42390299982432	-0.0957639338973049	0.444791666982522	0.338135607894148	0.988496496788356	0.28969101430313	0.987438756067654
44	3.58922921885746	3.39660852120045	3.65633768840158	0.182863509100279	1.8828820811616	0.0957430230191362	0.457172611542838	0.382658986721298	0.988496496788356	0.414422838391298	0.987438756067654
267	-3.2010642293161	-3.47736903666061	-3.02582172377652	0.513570719996592	4.54143399550042	0.0956113850967942	0.447539703501909	0.316166468850149	0.988240267874942	0.327137835756866	0.98705552297505
281	-4.60289596451637	-4.32980947189098	-4.7661830319551	-0.521713384933111	4.75626925497596	-0.0951344544532812	0.451822916941487	0.327418889045854	0.982699995704	0.348689027788661	0.985259197091931
397	-4.55265467428086	-4.32418918620454	-4.73751853741386	-0.513991447330289	4.82159900629307	-0.0943532843546181	0.455870867212948	0.386857658366276	0.984829583077861	0.394015733209253	0.985085643652932
1871	-3.34550950388782	-3.68383201076074	-3.04929519670458	0.567821109353706	5.39720381782794	0.0917930528456774	0.455610518346971	0.528892267394157	0.989366928212918	0.375649418238838	0.985283559162188
1084	-3.87023278891292	-3.68244789206986	-3.99669359248724	-0.554728606061098	5.20724684501334	-0.0917343894911419	0.4546875002582	0.434827386555857	0.988877894316241	0.465519252353764	0.987742272243406
165	-2.44958777911587	-2.12663748183604	-2.62084352065405	-0.537644682702477	5.2075771181761	-0.0911620463674785	0.455870867212948	0.450652053731715	0.989627624648036	0.411625384386066	0.987339445876855
1539	-1.16382340918968	-0.837624664377729	-1.4167989384814	-0.432196283306649	4.2347454420509	-0.0909036687314629	0.440770632987064	0.326860890703504	0.988507663726944	0.224127240960385	0.986628275086598
410	1.38288854239592	1.17664044912568	1.47351539280078	0.228037705667925	2.04336375750411	0.0902439638940436	0.452343750271794	0.723946835510203	0.990245583947822	0.331525921076832	0.987438756067654
13	4.02356054481699	3.96446883072208	4.1307720129389	0.244732803702282	2.47220888411928	0.0895327439061951	0.453645833597571	0.168730051730331	0.988496496788356	0.353450785545872	0.987438756067654
138	-0.658759084709261	-0.701917599027818	-0.627976132727233	0.333875215803881	3.54163432131269	0.0893646903885338	0.449218750289976	0.261860152954456	0.988582892865579	0.370150266917585	0.987560806985692
57	2.63182024314537	2.54118647544605	2.67971839101861	0.193272708129545	1.99673147935692	0.0883358660979793	0.453788076285144	0.427730317840846	0.988833185788583	0.416492483151992	0.987438756067654
65	3.7075213280591	3.81420246877131	3.5943206265379	-0.152986706016149	1.77475335564681	-0.0875219206415075	0.461979166882788	0.414065739243169	0.988582892865579	0.484124988227229	0.987438756067654
35	2.68413078743126	2.45816389313879	2.81118383663971	0.273611621626618	2.99456041180884	0.0867497048477096	0.450403541027525	0.451768376671947	0.988839170318391	0.275078842474092	0.987438756067654
710	-1.50980472220615	-1.24138481594897	-1.73859379977217	-0.420180687642068	4.33724010886265	-0.086283917620979	0.45208333360664	0.402128978517547	0.988919581865806	0.360377780341592	0.98712891699529
129	-0.669474386673315	-0.842267033286822	-0.523982161520455	0.338915532143059	3.32171547049588	0.0857485059054571	0.450663889893493	0.443481406632183	0.98885919476438	0.308988591382136	0.987438756067654
118	-0.103276076997337	0.0289210224517991	-0.189833774429943	-0.29805700808241	2.90653611972139	-0.0849652894025643	0.443894819378486	0.251663947221405	0.988496496788356	0.258301659053181	0.986213805419066
72	0.223524987085149	0.42108693676069	0.0755475648886623	-0.364380715147505	4.11473559348665	-0.084035593484789	0.445196563708269	0.320426285810968	0.988833185788583	0.252472268788872	0.98689490726436
62	3.23133512113304	3.14794351008701	3.29218330613042	0.189730964174675	2.04236087727548	0.0836870922307247	0.462379588862497	0.474311577549714	0.988624320096108	0.454797113956188	0.987438756067654
29	2.95067969105733	3.0925135215187	2.88025273891489	-0.228538340322629	2.60457383436659	-0.0835235617591864	0.450000000285424	0.264583819279092	0.988496496788356	0.309480494259896	0.987438756067654
11	4.97463537847926	5.11911712502529	4.8264215725324	-0.191522736511899	2.03208251281126	-0.082982845280104	0.460416666891779	0.391353502964668	0.988919581865806	0.37030192952467	0.987438756067654
334	-4.2747513005672	-4.06955305613158	-4.40869668650369	-0.44779529619644	4.60907704723435	-0.0825354326397566	0.457953658140776	0.51833235834116	0.988742600385613	0.410599048828043	0.987235350532462
25	2.85352073274327	2.92600805621471	2.79253960917796	-0.209383734522037	2.48125942922169	-0.0821318704888221	0.440770632987064	0.197103430958941	0.988496496788356	0.247505552043904	0.987438756067654
117	1.62629232583321	1.4924760307521	1.7641568952088	0.208702519541414	2.36764273556593	0.0817141955666314	0.454569122883067	0.724931218370377	0.98995270515011	0.386983821296905	0.987462694108947
116	-0.437284283541	-0.169623004921705	-0.656524784470823	-0.397449045201887	4.3528232519931	-0.0814610302618258	0.458214007006757	0.380853084779577	0.988575264588992	0.339979838120018	0.987438756067654
114	-0.110982697811297	0.159472386960108	-0.281904860852605	-0.350379453532454	3.70913315849277	-0.0812956925480351	0.448177083629386	0.526355754873119	0.989495013050823	0.333995763245411	0.986728267710862
198	-3.48553011899927	-3.68911457860277	-3.33472943571395	0.480450977640097	5.35641871191722	0.0795545073138777	0.457693309274796	0.385064110691664	0.988846863436537	0.441224975046439	0.987591720683615
108	0.519987362558457	0.597988030419011	0.47094337397066	-0.248121951199545	2.90789431336944	-0.0794950812793725	0.448060401233835	0.324619573532469	0.988496496788356	0.350066457328823	0.987438756067654
266	-3.92971556018617	-3.65338330682902	-4.11417865043993	-0.464483466368409	5.18354372965938	-0.0789394161012759	0.457953658140776	0.447240674903346	0.988826563640287	0.425653985086504	0.985988244809792
328	-3.25834519872727	-3.06355810122551	-3.40118960316564	-0.383888830491368	4.17766947044463	-0.0783762250506377	0.459895833561445	0.449173869768541	0.988958338529793	0.431711500384545	0.988078533974619
402	1.18632081448169	1.09399363407226	1.24537088508114	0.17471231624879	2.06204630865963	0.0779828446947756	0.464722728656391	0.443013442762741	0.988714027597564	0.45801970706256	0.987438756067654
1458	2.47550972213204	2.62240274484209	2.38225494057202	-0.214123276457029	2.73973903538456	-0.0775586079903175	0.466284821852334	0.406396898965003	0.988502481318164	0.522254620843639	0.987438756067654
166	0.265256656081438	0.177289014068998	0.332748775323265	0.212083446575793	2.36935639994041	0.0771005584185713	0.459515751336665	0.485632773714933	0.988964320520568	0.436898430806128	0.987470757525637
51	2.55490737474069	2.39133305875673	2.65218273830184	0.174385237142997	2.06101613002995	0.0770630090875439	0.463420984326446	0.310092438289922	0.988496496788356	0.444311944805215	0.987438756067654
69	3.11947427742585	3.24087710654051	3.04013474363524	-0.150352499201008	1.7767700552314	-0.0760470115670298	0.463681333192435	0.56778301194772	0.989543070630616	0.473125000387351	0.987438756067654
317	-4.22024102594645	-4.50551014411921	-4.02039651118975	0.397660042626141	4.58397265452989	0.0759832107974218	0.458995053604701	0.524770544589111	0.989210753932246	0.392901105280889	0.985439018971324
96	3.83440052210309	3.94219056453976	3.77696794239687	-0.167315877281576	1.98882637305554	-0.075706221742232	0.459776100202648	0.298169480594156	0.988496496788356	0.387225031835969	0.987438756067654
112	-0.53844077823867	-0.391391022966703	-0.625381534880731	-0.302838991230302	3.6445844960036	-0.0739226798841513	0.45118458762543	0.335839911156508	0.988682708733604	0.349812595303173	0.9871387125079
348	-4.2581719627993	-4.5118829641851	-4.08005507508809	0.359783227938699	4.5370241216612	0.0733095656365745	0.464843750199669	0.415984206193321	0.989517136684604	0.448605960297399	0.988315054925394
175	-2.04958029292237	-1.70970987071992	-2.25825432690651	-0.37081661968471	4.1878692259346	-0.0730677128251713	0.457812500240128	0.598702908863279	0.989560533479822	0.454175921826849	0.987765381157215
150	0.453380778896125	0.365952985715301	0.527007792403676	0.213340203414957	2.51580876905104	0.0729181805435252	0.463681333192435	0.324137633714002	0.988822791019017	0.372247861169238	0.987438756067654
370	-4.82752770408651	-4.99855413688774	-4.70098301890935	0.358267199044612	4.43326425203892	0.0721840268075602	0.466805519584318	0.503086433054583	0.987052504564606	0.434204043335237	0.978878556928434
56	1.48347582364092	1.69350430239112	1.36752498190408	-0.325356233259469	3.89857981086038	-0.0711895189320079	0.453645833597571	0.493231004283964	0.988718257010083	0.330699582081425	0.987438756067654
216	-1.51844635516266	-1.5893673652879	-1.45169090047177	0.275906714299986	3.54991724904159	0.0710658549159901	0.464202030924411	0.416853810290575	0.988860772249441	0.481782371692051	0.987668958221497
19	4.69214609630313	4.56045840007616	4.77053620776189	0.183081751371254	2.42562889906912	0.0709853709144886	0.472135416824631	0.423376821097238	0.988964320520568	0.479678018074	0.987438756067654
10	5.00665050000648	4.79367437998207	5.21652813567968	0.143553654861351	1.95397991005368	0.0706558746476061	0.466666666855888	0.585956537681144	0.989377096267592	0.502583629256699	0.987438756067654
66	2.1883855878809	2.22156784599241	2.15805076369773	-0.197720394516096	2.31897684987467	-0.0693046175432533	0.46145833355245	0.192854887966929	0.988496496788356	0.360313030231617	0.987438756067654
42	0.653760057245821	0.510671324001029	0.797328328844566	0.336011953150172	4.62273103254762	0.0689617076979187	0.464202030924411	0.373579301823119	0.988919581865806	0.490727405695727	0.987438756067654
39	4.75388566843591	4.65473776423177	4.89851851303107	0.118608914573719	1.59259591700408	0.068494054931629	0.47031250016837	0.709938006510539	0.989775255172031	0.579183908175408	0.987453960141261
203	0.21816310820362	0.177499879701584	0.244518228330033	0.18744675948603	2.47880718374588	0.0682061968098951	0.463681333192435	0.519608884424067	0.989529675646411	0.521052994044614	0.987744185619542
212	-1.78596637894436	-1.97751382792364	-1.65478722231653	0.305471646272351	3.80129181698751	0.0681840490580375	0.463420984326446	0.463341442950778	0.988847860548554	0.465265409468892	0.987656143801633
153	-1.021702388866	-0.887685003782035	-1.12758029901938	-0.273195637066133	3.3312768742597	-0.0681020678846619	0.456912262676859	0.58251424058681	0.989430574234603	0.479196849255592	0.987742977479489
249	-4.31146788294767	-4.07938654254304	-4.47696524655694	-0.369605901073817	4.94486227129358	-0.0680288475326597	0.464462379790401	0.54204604668138	0.989662143652877	0.516900649233819	0.98816644974526
273	-4.30100492692352	-4.59334637360185	-4.11803978876714	0.374021814720978	4.61256297520124	0.06774691888004	0.463541666873809	0.448598225000146	0.98617325352945	0.422239308375609	0.981537474798184
8	5.59248787115116	5.48643441929753	5.63414036667559	-0.146574966098341	2.07024222504667	-0.0676219962171563	0.47123145030623	0.602175934144756	0.989254313964001	0.614635386195045	0.987604293162989
201	-1.94793872714333	-2.31009343601347	-1.74119525839202	0.361314651180628	4.4411464080596	0.0675095706920565	0.462500000213126	0.415509967746264	0.988500300136781	0.416804856257631	0.987533544954298
155	-1.0800758956132	-0.941794909747873	-1.18839166701809	-0.281791515997615	3.95941717796515	-0.0662499343667586	0.463020833543467	0.429794931517427	0.988578345691223	0.448303725617307	0.987523599043203
2	6.32765869423079	6.18924612762787	6.43006987535193	0.116690112072277	1.68752167100245	0.0660724462238559	0.475000000141639	0.393357699745239	0.988833185788583	0.57709924347392	0.987438756067654
105	-0.222835075643185	-0.130265106176367	-0.296234063674397	-0.306013311263478	4.2018183383315	-0.0655832433181298	0.457953658140776	0.278150817450254	0.988496496788356	0.425304846949854	0.987720481118802
309	-4.67511812836719	-4.52568817333845	-4.77343636799829	-0.341688495701182	4.81877399850449	-0.0642515263361118	0.468627961646272	0.403813537701118	0.986195680042353	0.460104729440747	0.982681815595735
75	1.98011335354042	1.87666795228189	2.07288093752359	0.167568082603732	2.4481246758821	0.0641809226678323	0.471614583494269	0.507808308220026	0.988790037268842	0.622069468657089	0.988062735994848
163	-0.787044234547644	-0.56082874408857	-0.888766119403194	-0.290303449811057	4.00490426004315	-0.0636019552462658	0.465885416860364	0.575479893417548	0.989487315478095	0.460775883870101	0.987729028234155
451	1.47392435604457	1.39848755492565	1.52581694347142	0.144034818166991	1.99621822036694	0.063254631514942	0.470052083503191	0.274487759557418	0.988496496788356	0.485637263207649	0.987438756067654
6	5.54624309533945	5.48683610318446	5.62674355785305	0.13827651693451	1.95261649534084	0.0631203801906352	0.466927083521063	0.414377973651834	0.988833185788583	0.513794987950285	0.987438756067654
43	3.1634463706068	3.33152859105291	3.07716308316764	-0.175684237231832	2.20052559520878	-0.0629719203082685	0.461077844532568	0.896503964281606	0.991354849937567	0.450966207088623	0.987558269899698
127	1.28051725865333	1.33472394903213	1.25134691484802	-0.14910752654711	2.19890100452032	-0.0616655200537888	0.472135416824631	0.493603705390171	0.989074786155809	0.629605708159776	0.98843326798388
233	-2.76388339488906	-3.05562588624018	-2.54837945710981	0.328043143967352	4.78067485370933	0.0615808728325386	0.46784691504829	0.597307212626673	0.989206062310855	0.514004623897546	0.987627742564936
1324	3.24263726517394	3.12380525079473	3.29764813845993	0.142166034123737	2.07711438895233	0.0609962272476383	0.470190054842243	0.604697357173174	0.989450637867151	0.525732583083823	0.987438756067654
34	3.11802872397924	3.10453841214817	3.12904688440825	-0.171333695607052	2.50736822166957	-0.060835229850945	0.474739583476455	0.322992518416361	0.988496496788356	0.545386873372722	0.987558269899698
97	2.48178874457563	2.46299189359743	2.49213927416181	0.130597865756502	1.94173349765509	0.0598029924144781	0.473958333480906	0.617139636475191	0.989372287396636	0.544274716325231	0.987438756067654
1643	-4.77000361890428	-4.94469092158199	-4.64482790542885	0.320649964728869	4.23590177687644	0.0594286303862152	0.465243426388371	0.505338150667259	0.989698822169255	0.482872142267389	0.983771434940649
1768	-1.17914669590518	-1.2569714688333	-1.11952177371753	0.169850646283759	2.53558169056889	0.0581171313080245	0.469270833507654	0.548867174944551	0.989311294149341	0.534347193587145	0.987984868641416
67	2.07480044516739	2.16602991948964	1.99548868673891	-0.134829917034259	2.28259434214939	-0.0573370022397793	0.47227284577022	0.710777690436787	0.989920336683367	0.619258482004298	0.987733839561447
103	1.29344865222806	1.63240688786052	1.08774443480187	-0.158920086679311	2.64346018059616	-0.0570428378539561	0.473053892368217	0.391813431580621	0.988496496788356	0.659936967817966	0.988021712601684
352	-4.24420557385293	-4.48596610010594	-4.07995096973862	0.320945305079041	4.71837069907657	0.0567517249206976	0.469270833507654	0.533527924357831	0.989161152992541	0.486160705417316	0.987750772407186
142	0.0869838225567126	0.196524402998879	0.0340048987891173	-0.170558518457998	2.87641793380954	-0.0562676588372851	0.472012496904222	0.482149929466921	0.988818878126544	0.561925511310629	0.987752591967935
36	4.26441493157987	4.205232230025	4.29937430454722	0.103662499005901	1.69938328261829	0.0562439851505663	0.473697916815723	0.38280061468482	0.988496496788356	0.526218132373428	0.987438756067654
146	-3.02568628175353	-3.35984340621328	-2.76499690371284	0.345894390572615	5.52492972669551	0.0561349787692195	0.467708333516591	0.54633669315214	0.98937656644581	0.549562731300953	0.988262800211755
18	5.05566042437449	5.01127705125187	5.09412526636674	0.0993343340797024	1.60214409165208	0.0557646544972956	0.474355636698214	0.763349268717026	0.989768920303273	0.662560618348908	0.987590446765494
186	-2.00823470089223	-2.25075713650449	-1.86602932209754	0.326411438624734	4.7124947718278	0.0553905010629266	0.467708333516591	0.406551070953392	0.989093942041992	0.503599906709347	0.987742393301611
161	-4.60983801869015	-4.46514602714949	-4.69145045442913	-0.351319215416738	5.55325242847597	-0.0553797384950939	0.467447916851415	0.438726003536264	0.988809425194811	0.497869548908715	0.988371877188425
115	0.308024029633334	0.4414990006863	0.206993681930082	-0.173619230606503	2.8252334972271	-0.054684196838011	0.470052083503191	0.676528355465664	0.989880242455864	0.511523062818866	0.988115262946133
194	-3.06922665762199	-3.06831392978691	-3.06922665762199	0.300595419828753	4.91600970774978	0.0534631215770801	0.473958333480906	0.581676310947427	0.990179875197076	0.597440651603268	0.988248785449047
797	2.93165835342238	2.84758113965351	2.96669026263089	0.128703856441489	2.16240991947522	0.0533051170166286	0.473834938966214	0.61588160540274	0.989206415468771	0.636951169360537	0.987661133362252
254	-2.23356157447962	-2.3611422033365	-2.14639612309664	0.261352204207438	3.99691720701763	0.0532258424229988	0.468107263914283	0.450323190275195	0.988983655107528	0.475957389178049	0.987507445048777
28	4.11793927511935	4.07399055166976	4.15734979655381	0.119608116263237	2.10972267084346	0.0528219358543902	0.474095287832214	0.649326246842158	0.989436922898779	0.592506685107606	0.987438756067654
17	4.8579116369698	4.82343446861075	4.87416829883597	0.100634782631643	1.78213281452496	0.0518551644935027	0.477343750128303	0.429999768993321	0.988833185788583	0.634999095934048	0.987438756067654
1682	-1.78112843992697	-1.84944030573849	-1.72292066411727	0.206580649753508	3.49521972901314	0.0516438411279877	0.469791666838012	0.530033799656641	0.989317200311787	0.506032414566107	0.987833294823808
1367	-0.675424061934145	-0.597878861640975	-0.72750773273955	-0.141766995293548	2.41061442359655	-0.0506424096287187	0.473177083485358	0.665359105354142	0.990286605481142	0.643442044856677	0.988853727843026
510	0.731765680006639	0.663625675589296	0.782840580767434	0.154773511098924	2.78016975131677	0.0504120653205748	0.472916666820176	0.582342217602637	0.989540421606287	0.618303525829723	0.987983677943976
41	1.93503269924042	1.98322057819865	1.90813378766927	-0.253546335011715	4.50609538263932	-0.0500187169845439	0.463281250208637	0.708258904273612	0.989807460512108	0.502280951464263	0.987534909191508
46	3.67351641827148	3.640514613145	3.69359133320978	-0.0808645860999779	1.52955021432802	-0.0499300701906412	0.475917729894219	0.580152453764282	0.989445621455726	0.615181950263164	0.987938277525433
235	-3.21630396753343	-3.03576094788628	-3.35219007636911	-0.279037630504985	4.62216089319532	-0.0497468798171123	0.474095287832214	0.566606470789715	0.989367331987888	0.565677143886474	0.987838360934387
197	-3.898129529738	-4.22779530837463	-3.64657770157153	0.309796809370171	5.46511880059779	0.0496583437653261	0.475657381028218	0.593846290461093	0.989206479667139	0.562971060384829	0.987979456391957
22	4.32847497602654	4.21717713984623	4.38454422696253	0.11653833650799	2.15652401966674	0.0495401207010038	0.479302265152258	0.666331596884494	0.989631842429124	0.703218733868912	0.987827079527524
383	-4.7499030642654	-4.82824251861995	-4.69898853100926	0.232606027606903	4.34206427602415	0.0494449126824114	0.476822916797932	0.469720890055917	0.989119975646466	0.510513350522142	0.98716960098413
126	-4.28264756427288	-4.1376642162222	-4.38483593942352	-0.303666120280299	5.6716248689754	-0.0487569620686543	0.475000000141639	0.475962790684727	0.989705171324413	0.529004894021665	0.987196415466519
1391	-4.09996345747026	-4.02480581953384	-4.14786489018283	-0.275873799676484	4.61505213942822	-0.0484807623557136	0.471752148038225	0.483407250245783	0.987042570201748	0.543717758874293	0.983707095256424
1399	3.25153472984875	3.13469351708378	3.35008550700001	0.120488284554443	2.2059815682891	0.0481997568622714	0.475917729894219	0.491896928882316	0.989032264025964	0.509663235875971	0.987438756067654
7	6.95157686171234	7.03768232013144	6.90393735432194	-0.0712361932979677	1.52493461105382	-0.0479880897638037	0.477479823090233	0.59693799805921	0.98933620128321	0.689855222234376	0.988134575408608
646	-0.575403371235544	-0.644538170693862	-0.533727347592349	0.169789663867862	2.73070168753551	0.0475169716650796	0.472916666820176	0.487391778523388	0.988910141751585	0.542736028804537	0.987333793651661
472	1.46715969107256	1.43427533478285	1.49874129457591	0.106678096856641	2.08899247685475	0.0474900037929175	0.475397032162217	0.520630405401759	0.989279100942304	0.693255347226343	0.98786238379742
1000	1.80833381832175	1.74408134174999	1.87255915968479	0.071907612685532	1.29795090575382	0.0473442343896402	0.474218750146089	0.803077328880697	0.99080478599143	0.639157976222978	0.988139160989266
47	4.12398460697111	4.13648662518789	4.11850213962182	0.0898861546059377	1.80267463865811	0.0468118799575155	0.480729166775736	0.825875780147272	0.990705913034653	0.715912394207435	0.987624076496434
27	4.35259425981254	4.30190235170181	4.43385112997657	0.0794475855014172	1.66830001382233	0.0462349484601731	0.479822962884267	0.851697962151802	0.991038200368389	0.756898733144714	0.988422396960487
89	2.28220200754443	2.19256810468927	2.34810735919762	0.109081605666443	2.2712575131397	0.045757671320403	0.479822962884267	0.786899733461577	0.9901377905739	0.648123360474252	0.987906718532362
645	1.57253061328349	1.58271161073983	1.56541770738455	0.0931209920119285	1.95484253406747	0.0456300336478193	0.479166666784609	0.571985345106485	0.989206471625946	0.735618364978265	0.988693727041904
81	2.24320981418422	2.16750493465119	2.31413243231146	0.100707138268433	1.85029133093228	0.044428047414705	0.476562500132746	0.880297936369374	0.991704029782445	0.620386113236349	0.987536017507683
101	1.12396196139477	1.02727619596783	1.20818074541514	0.119506013914243	2.48274086740783	0.0438437661515354	0.479302265152258	0.816435983384448	0.991456487647716	0.65663477182754	0.988108076447403
1860	3.47528168674688	3.4022164802577	3.51667860939714	0.0611376879892567	1.26618232029393	0.0429866184599588	0.478385416789048	0.852708745976229	0.99144425437298	0.655801069868858	0.987993099115689
88	1.98550166350341	2.03972562466056	1.94377838703448	-0.104659798258381	2.31135154960684	-0.0429255830961301	0.478260869688243	0.781228185845068	0.991336474668771	0.737279621314429	0.989136852226967
1223	2.77234218950402	2.70399252694374	2.87109110944002	0.102567253320869	2.2804311233822	0.042417268234761	0.481124707214292	0.875310855522059	0.991591161931924	0.758189547898768	0.9884057946285
98	0.762446141390012	0.84835115853886	0.698254609556451	-0.123359547047685	2.51210913869339	-0.0420804724183552	0.474218750146089	0.67460925869227	0.990065731425603	0.59349941437159	0.988059773899738
15	5.33100361717305	5.33067320917129	5.33102219240788	-0.0606154599982451	1.27110486716352	-0.0418822187157522	0.479427083449796	0.527519444512995	0.989248329434193	0.634179032958677	0.987821602830287
219	-2.84201390016778	-2.89561350274559	-2.79888131035658	0.217143522991528	4.79465335125793	0.0412618128669734	0.475917729894219	0.506481617149864	0.989106799425636	0.596943429549185	0.987727272267373
1710	-3.16521935559045	-3.24183065281693	-3.09073647397781	0.215727462962247	4.63526076448969	0.0411652388802154	0.478385416789048	0.654960346605967	0.990155134187011	0.601612564851495	0.988372623688352
381	-4.73913316937147	-4.57089974052743	-4.85477937739924	-0.195751113497291	4.30813475156293	-0.0410975290406456	0.48020833344536	0.45683257185087	0.989342739728635	0.44775275624248	0.987988058810118
3	5.04739502069802	4.9501517459307	5.11206271096388	-0.133437899334166	2.70639799784742	-0.0410571633874788	0.483072916762438	0.358267610851096	0.988496496788356	0.573989352838098	0.987445741973988
82	1.62385020633881	1.7007670743585	1.59900600292545	0.106689117623051	2.29987955087005	0.0410512458212956	0.476698776492225	0.43843497889751	0.988833185788583	0.639014400008284	0.988090104814838
59	3.21408795760191	3.09100028215842	3.38261314082057	0.0862780292486134	2.27199619770969	0.0402036856023907	0.482947149276336	0.851696155879509	0.991401838381149	0.738775824063634	0.988401777382814
145	-0.21188136085228	-0.178722577031892	-0.240802007050726	-0.143593440021732	3.23193529598329	-0.0401913720119035	0.477479823090233	0.637359942069756	0.989768814281568	0.693435020907053	0.988272828767242
1650	-4.95257446458199	-5.07973369645469	-4.85311764018165	0.179598759544794	4.44563363135059	0.0400208218134442	0.479687500114984	0.555590078443413	0.989685084410855	0.516833855113289	0.987215017158718
255	-3.96271095186197	-3.8688790748033	-4.02618531013987	-0.219743512345167	5.05706882329613	-0.039932949858748	0.48190575381231	0.606733574111024	0.989469952700824	0.61463076575502	0.987379811002374
245	-2.76829895443699	-2.8877847857397	-2.67573856942736	0.221908049918891	4.5360057765251	0.0397306044387725	0.479166666784609	0.598059481026844	0.990236566002701	0.628217217890518	0.988586087210267
23	4.75286876811569	4.7863281356061	4.71162742937376	-0.0638164599014255	1.4486287938626	-0.0396593831129759	0.482166102678316	0.913585380442589	0.992422236540078	0.800350135122512	0.989105240844077
1213	4.33673739883732	4.31712776326173	4.34332796769975	0.0990510481345748	2.27810441192635	0.0394960390780832	0.476041666802376	0.925689767583375	0.99317949545121	0.653721625072126	0.987604293162989
48	2.73954283302759	2.79436567904985	2.70636843212187	-0.0965020512947099	2.29564138678178	-0.0393995439069778	0.477604166793489	0.722156108891831	0.989996011704859	0.631912075007376	0.987531337926039
111	1.31479951674338	1.18962853742782	1.43820573086615	0.119327281591066	2.5856301459828	0.03934351878587	0.481645404946304	0.799783426862092	0.990722039062711	0.664012089133381	0.988022744609586
921	-4.54025566935472	-4.4130380508483	-4.61485226145839	-0.226874730507519	5.29793073112987	-0.0383297252786493	0.479166666784609	0.547816302692425	0.989442434972047	0.549331685299971	0.988000728318999
779	-0.309678191513149	-0.194742259528096	-0.407558306259644	-0.125437356010909	2.9859746312974	-0.0381334662641282	0.480989583440924	0.734831480997445	0.990057154030015	0.665425619696555	0.988345078438511
53	3.38475572370887	3.36896145377998	3.39173882668421	0.0708194352676785	1.71051254668859	0.0379014854549639	0.48177083343649	0.653241670423433	0.989576072111039	0.688601310240798	0.987919063821329
134	-1.64822065885158	-1.73646423930472	-1.56879504512004	0.203158262461398	4.43205186363067	0.0377842959954967	0.473574590100215	0.696136321330183	0.990344371056029	0.66853297108775	0.988895502149182
791	5.50991586505331	5.31555147626683	5.62292582914889	0.0756639676401178	1.87084742562215	0.0375276617181588	0.482812500097248	0.768452175763659	0.990254393366144	0.791930010790249	0.988336685442628
232	-2.40679031246952	-2.533997867531	-2.31329487231524	0.188076497072361	4.12033670996628	0.0370917691921193	0.480989583440924	0.654290480242296	0.989842835127872	0.61788449688581	0.988460496723274
596	4.24853785061398	4.19058251671098	4.30519744314375	0.0958686703318334	2.5285790770591	0.0368950537118747	0.480604009482282	0.939164099736311	0.9924621048304	0.775149071143879	0.987954428553308
16	4.58359246375997	4.55371020296173	4.61591482024302	-0.0785819363301674	1.83711720809559	-0.0360315768665238	0.481645404946304	0.812444793883612	0.991499607851096	0.75625632599378	0.988479001019779
957	-0.245274502599437	-0.348015139189837	-0.174897498797531	0.119945682402507	2.61380171778902	0.0359107781150586	0.48203125010168	0.560672354684924	0.989237100760948	0.643654639068461	0.987912342543063
954	-0.302692950823094	-0.225420389782765	-0.349433391762388	-0.089455121994682	2.23513916785238	-0.033640551409978	0.483467847008349	0.592432643654021	0.989848297504669	0.667918629526942	0.989246858730547
0	7.81413990960745	7.86112309597544	7.77608058176391	0.0488368230811278	1.5042731226754	0.033634052322423	0.488020833401071	0.793595607141431	0.99019463803928	0.856769042191675	0.989690145412156
277	-4.45937880273658	-4.61340144102084	-4.35199508481529	0.192438456412584	4.6157853583042	0.0334833935262468	0.483854166758009	0.556777240991269	0.989342664986303	0.537087701949482	0.984453975309701
1001	2.63474091593904	2.61417328941856	2.6513014848553	-0.0870760253154605	2.35909271847836	-0.0327986800335869	0.48463541675358	0.882825681808548	0.991790460396856	0.654628209250874	0.987978740702149
306	-5.08172653747915	-5.16708503876301	-5.0238300849545	0.164404972326367	4.8576239214042	0.0322627162375906	0.483072916762438	0.54756821095992	0.989296688964167	0.516521998514645	0.981635252615092
247	-4.34017573971432	-4.51474693278959	-4.22896941435596	0.182108834757589	4.78517221288211	0.0322521898002663	0.484248893606371	0.493745369899488	0.988946138853944	0.538992988366272	0.987146287274603
93	0.643760660544058	0.748901516014755	0.573008675587914	-0.123810070080203	3.40018857378256	-0.0321801604921406	0.482426451544322	0.613922455686655	0.989339988187137	0.620867355800243	0.987545574239421
83	-1.09887802316594	-0.839646856491851	-1.22976900593844	-0.237393416648106	5.83302690863886	-0.0318985635995243	0.482552083432058	0.711604427828235	0.990776661397848	0.770007052009796	0.989137825930117
187	-3.1141027726419	-3.14950664948917	-3.09505362093613	-0.170685966027187	4.88514270618924	-0.0314857978672924	0.482426451544322	0.576401345373099	0.990800242646315	0.62166278517514	0.988216980125458
119	0.479380042020737	0.477690098108604	0.480775008902654	-0.111868681307561	3.17513015707362	-0.0314699745032245	0.483333333427628	0.607426679909389	0.989051475599977	0.711670468335555	0.989119886829479
227	-2.96105634448841	-2.83545419743931	-3.04520349223929	-0.178493069802564	4.58187786609628	-0.0314218409546013	0.48437500008839	0.569532467103637	0.989049352877055	0.621520101169441	0.988350522980064
658	1.51523902567809	1.67968693252134	1.41890464943139	-0.143250655053373	3.94619449937937	-0.0313591367688727	0.482426451544322	0.818575448249879	0.990893592671455	0.734032644919427	0.98851290584068
37	4.66410936217247	4.65645187348982	4.66980427342768	0.0532240344408796	1.69299317009095	0.0312969716444408	0.485937500079536	0.334241172414343	0.988496496788356	0.697009709227073	0.987583575083669
663	1.42652468305922	1.35777290048293	1.47570328885592	0.103345437632712	2.29944715322149	0.0309340177466424	0.476438427626223	0.850700320564729	0.991363392263908	0.611141518581792	0.987932365767849
325	-4.51453620235067	-4.41994418779401	-4.57286684000839	-0.155685404733331	4.80204166590743	-0.0304101219207151	0.485029940204394	0.464584396468084	0.989017068989983	0.539398009216287	0.987945852467965
32	3.83000202245486	3.97324555784656	3.72273940649924	0.068549614612627	1.98323126636581	0.0303755829857977	0.486071335668427	0.653457791008718	0.989454823328475	0.817821818808664	0.989136276893037
1383	0.254680576095276	0.231945230080099	0.265248137571535	0.0857632959847869	2.41260176762171	0.0296839572061312	0.486071335668427	0.44273656143625	0.988844785036647	0.723188529407925	0.988891577645075
14	3.45187895890664	3.53236435590215	3.40861451114874	0.0793148666848245	3.0595789849981	0.0290431580114762	0.481385056080298	0.67501595096437	0.989380959016777	0.73652488283752	0.988607756629826
1528	-1.7133788935144	-1.81266740893376	-1.64132146368287	0.136477633893091	4.01527777374039	0.0289190084172815	0.485677083414344	0.656384619090428	0.990589839212492	0.65476691703716	0.988656715670478
1358	-4.64365941514574	-4.75802534455086	-4.56108505207189	0.201242341767649	4.88879895588891	0.0285209260057703	0.484769591338387	0.582770220955147	0.990134127299172	0.54459304670113	0.988243903331783
124	-2.22603856906545	-2.4790616589822	-2.07151803964321	-0.177196340792046	5.88977118156982	-0.0285205946235331	0.48555063793641	0.678266060229699	0.989973683987558	0.7233170743908	0.988435785294422
61	2.56308766421622	2.68331337925061	2.45830388557893	-0.0928098655527885	2.7548010529813	-0.0283012482746793	0.482166102678316	0.457456452332777	0.988964320520568	0.60815108367762	0.987706974494406
102	2.71857809284954	2.76147690655284	2.70152978712942	-0.0525685358054231	1.87943511541551	-0.0282433568015215	0.488281250066264	0.876538883461229	0.991941419962375	0.815561008129047	0.989532984157889
323	-4.10075441941149	-4.06660010944183	-4.11520843866393	-0.157371521625991	4.82679447848298	-0.0278879037541799	0.483988544740364	0.591727411375409	0.989899679187184	0.600728076946973	0.988047619454601
414	-4.79135326113384	-4.86189069589727	-4.72968511630753	0.139595968665373	4.42026352006609	0.027782403013129	0.483728195874357	0.512988713124348	0.988947583513048	0.514594989403611	0.987525892625176
269	-4.23599663224395	-4.20855393328011	-4.24866232920823	-0.163468799348851	4.94840282689469	-0.027609249164375	0.483988544740364	0.590981995160811	0.990468563442326	0.602201602119097	0.98868912772151
422	-4.79243180229476	-4.68163140148775	-4.85574409068322	-0.140843407873032	4.33307131200262	-0.0274819078704829	0.486071335668427	0.526855441967366	0.98907768716633	0.53350143553814	0.988073665282473
948	3.29609090372171	3.22277460778765	3.33920959388941	0.073162328388765	2.40066292809564	0.0273059569625797	0.485677083414344	0.822183444822938	0.990354974744882	0.782404508983222	0.988197577476204
1397	-2.04225270323802	-2.03019696425571	-2.05250658216065	-0.137990258884652	4.0429986938729	-0.0272083163663536	0.485156250083962	0.524177801069833	0.989379924872795	0.718087814426911	0.988735346507366
160	0.512236490019095	0.626966265533352	0.447546599546138	-0.0938146314389012	3.26153031481674	-0.0271566451330141	0.485677083414344	0.807726669744765	0.991106707100181	0.729994809703169	0.989031438971913
113	0.831341266630251	0.781224018506351	0.870882014439618	-0.0860589243660019	2.94618542248901	-0.0268136878572368	0.488281250066264	0.718980147934252	0.990986125141133	0.775579605322905	0.988931897227937
151	-0.481189086445184	-0.467066746216272	-0.489276226102415	-0.112600375459404	3.73348166457382	-0.0266229587312448	0.48437500008839	0.697425289193569	0.990586611783622	0.747944394789842	0.988932019525111
77	2.53684902717337	2.77000421574036	2.34389884300762	-0.0698109155450286	2.53342497959927	-0.0265999725419897	0.487500000070687	0.907208698780889	0.992318649423329	0.832230285315148	0.989450994918767
192	-3.14301885664821	-3.29043328352537	-3.04583500157145	0.150623487112128	5.30010402430505	0.0259970504801306	0.486197916744727	0.661072601092016	0.989475081326789	0.655002808895857	0.988703159089975
386	-3.59197380579725	-3.72041640792762	-3.50691416650391	0.140479814118771	4.56021187108827	0.025748018686267	0.484509242472379	0.63135423676267	0.990225519628842	0.622057722023175	0.988182984968194
1075	0.545812592428659	0.415992197344892	0.630731513457195	0.090802058500083	3.28779571215586	0.0256771130866624	0.483854166758009	0.808326017428138	0.991132976580439	0.714325693915548	0.988972701603154
278	-4.69856392495137	-4.62558026508285	-4.74810861162137	-0.148816382166643	4.97134280641525	-0.0254928288141518	0.485937500079536	0.58021273785503	0.989446244319866	0.586174595004935	0.988673955844055
202	-4.43096484128522	-4.45042358406197	-4.41559692769828	0.145301476859879	5.10402722815342	0.0251550517825233	0.488414475462507	0.581662892006836	0.989620242939758	0.598214092446658	0.988319716051046
86	1.15943455862547	1.17217053496981	1.15214520360688	-0.0678838437202591	2.55637032309919	-0.0250359098313309	0.48737307999847	0.806746232072647	0.990768888061736	0.738213684380728	0.988333035769131
169	-0.542880341941667	-0.64892954087939	-0.476130860370788	0.0873240863435614	3.00467210242076	0.0250248619646661	0.487239583405494	0.653808193229821	0.990298731904351	0.734368506753275	0.98882175683202
38	3.72249803184463	3.78923124199585	3.64070783755578	0.0496047691710721	2.19991353006385	0.0250177465930791	0.487112731132461	0.812706503998852	0.990096171167726	0.819449715061785	0.989166523829365
122	0.0519633703537092	0.0453585092972384	0.0543966526381778	-0.102280352655676	3.53571953954443	-0.0249066523811118	0.483333333427628	0.518775296226522	0.989114097057766	0.732139333374582	0.988739101345412
120	1.57107173109618	1.60065469426454	1.55841312124998	0.0685556976694377	2.93340412626704	0.024218008661229	0.486071335668427	0.69543809442323	0.989877107816275	0.813178231127392	0.989380305092311
64	1.59069130713885	1.60546723649337	1.57756556220716	-0.0783339701457884	2.86418249759181	-0.0236321427091845	0.482166102678316	0.586664857390917	0.989455977406573	0.669463089803341	0.988688837013664
125	-0.697039034258625	-0.692607728350942	-0.701642031771593	-0.0857841541930187	3.01956281707512	-0.0235819365500744	0.485937500079536	0.738966373114192	0.990872632539221	0.763385834604908	0.989209723297765
1543	-2.70015588975844	-2.5403869901317	-2.79751251127248	-0.121677641655508	4.33585595360071	-0.0231893579258031	0.487112731132461	0.635286496725159	0.989587279255636	0.698987811188462	0.988367707616123
340	-4.93151512782787	-4.84401730591651	-5.0009861736022	-0.104150648554449	4.62414107090844	-0.0226037936404388	0.488541666731456	0.532307285630197	0.989940330475939	0.541676831368402	0.987307221005581
95	1.14895212164812	1.14454876704721	1.15304335160889	-0.0553144089145876	2.20385209699926	-0.0224800263008145	0.485156250083962	0.754054753413625	0.99003219195703	0.732898107788918	0.988680860056729
106	1.02325777042266	1.09765171363972	0.962558796767635	0.0663382080717145	2.77440453941358	0.0223832691556278	0.488541666731456	0.839654653770314	0.991523194052421	0.810255454907207	0.990178150759569
177	-0.618452421034447	-0.592558890636742	-0.627121585012168	0.100557609152933	4.25634303503904	0.0215596547818252	0.486197916744727	0.639938566376142	0.989851110958654	0.765171708008507	0.989252750841477
283	-4.77672639990892	-4.71316861520397	-4.82191476818871	-0.106462006019174	4.59795418220321	-0.0214693378538728	0.489062500061841	0.54706785368886	0.989635565453475	0.576345262938193	0.984532895830375
99	0.046207498438819	0.060177693421041	0.0352480128113752	-0.0764480877046143	3.11948963035211	-0.0198840285062445	0.489195522060536	0.802530306401698	0.99078387711872	0.783989562342837	0.989651031815434
130	-0.373095006767749	-0.434340450345038	-0.337946094676612	-0.0774753424599872	3.41023317963454	-0.0198551313861508	0.489062500061841	0.728762291962936	0.990424466993406	0.78054907611481	0.989606316513889
109	3.85278682607494	3.82413296698493	3.86451117459365	0.0420549543009368	1.79947655126057	0.0190425930552145	0.491538661854629	0.897685832825731	0.992307304107189	0.8475458885878	0.989499551264441
45	2.36129001160871	2.32772276952324	2.37899816022114	-0.0801199705335591	3.65322614160593	-0.0189808186579822	0.48984375005742	0.817388872453019	0.991007450673169	0.836463725655015	0.990288476317429
240	-3.11675402935531	-3.07959998428125	-3.14258948515052	-0.0882025637330788	4.82482723291899	-0.018694344512742	0.491538661854629	0.636156618566378	0.989574563360983	0.656547409770039	0.988258828014851
1723	0.362271813062959	0.33964011975799	0.379913805105826	0.0570317382685008	2.76793024848195	0.0180645733069605	0.48984375005742	0.551219180647325	0.989276625945421	0.78121865248375	0.989757364887601
164	-4.5794672954474	-4.67280111643458	-4.52739258125355	0.107327411690057	5.49607322235663	0.0170075225418985	0.489322916727034	0.555041032629987	0.989836226296461	0.556543175491737	0.988965972787819
180	-0.00272977614306491	-0.115973369513182	0.0774975110128855	0.0615367391597728	2.96535537897879	0.0168346405722368	0.489455870926547	0.75052975130823	0.989675420334636	0.767192081363954	0.989306865909636
156	0.477624979772387	0.392163604142649	0.553092600322487	0.0449553827161475	2.50991966661091	0.0167747573444658	0.491666666713775	0.690956008046051	0.989741496849485	0.810189790128335	0.989982769819605
52	3.0483356532012	3.22745961538679	2.89585209828212	-0.0337991122111827	1.83660095023442	-0.0166000256852381	0.491278312988618	0.726112207085883	0.99022110469551	0.777859344762795	0.989085968261796
159	0.238184523367019	0.275003147372629	0.203985479516837	-0.0469568683504713	2.75445844701687	-0.0164252795809272	0.493361103916705	0.764682126709526	0.990232168969646	0.8185153312365	0.989940623365342
100	-0.167018146181467	-0.263042066380527	-0.101161232240623	0.0672473290362943	3.57832726595573	0.0162250945683871	0.488802083396649	0.759462762713584	0.990043578780443	0.7301540092365	0.988853424311427
364	-5.11990213961076	-5.1783327926671	-5.0903382919682	-0.0765374679791675	4.4185598917854	-0.0159232364529886	0.491278312988618	0.534817440368245	0.990259443637446	0.548257938919781	0.988019724782264
1567	-4.61615179196487	-4.6948461032055	-4.56868948996214	0.0904391066975947	4.91062305745701	0.0155737325977494	0.491017964122608	0.551715572762412	0.990236977771825	0.579866061630909	0.988694923261119
21	3.03293880206692	2.9252109164805	3.08706216220423	0.0514814493842497	2.43848878208933	0.0155644481043861	0.490757615256597	0.837171641271066	0.990713785548549	0.873066671122483	0.990237955035302
107	0.382493779244236	0.345796996554396	0.408434285107449	0.0408346573239351	2.67058472847198	0.0146656891067902	0.490497266390587	0.849988984520954	0.991238864890091	0.771637443312272	0.988773845770247
378	-5.10462670105532	-5.19752206549503	-5.05066896397523	0.0713825968415627	4.33969791082692	0.014586571667598	0.493489583370133	0.479505181184153	0.983272308879711	0.524538621225149	0.983132214426684
9	5.48433999642051	5.59514113080621	5.3894831785595	0.0285708840512027	1.95967295177135	0.0144553319932865	0.493621452782715	0.699068576974163	0.989632463853683	0.880582508808959	0.990444098012467
152	-1.08815307153112	-1.09427651171007	-1.08001328425728	-0.0537842820825327	3.95315079978424	-0.0139422948504142	0.493881801648727	0.696850330564768	0.990054921847827	0.777088366025597	0.989440427578624
789	-4.23894253284715	-4.24697505278425	-4.23457689687361	-0.0754888708654367	5.40356737922006	-0.0136873460094811	0.491799010720639	0.531894598549276	0.989437913023116	0.553908855456871	0.987792304719658
26	2.3662895005627	2.38100435565194	2.35330609221697	0.0390546027372864	3.32935778725562	0.0136432417341188	0.492840406184683	0.812431370253201	0.990699629431003	0.841911956827745	0.989387551859387
171	-0.0674783988736669	-0.072977868147853	-0.0641145354475094	-0.0546450180789346	3.22687827607145	-0.0134745207408348	0.492708333374551	0.572230186065495	0.989650180384329	0.75345595192381	0.989267698214914
377	-3.82272078504884	-3.7263631739055	-3.8797840817476	-0.0570772574063287	4.23383448286905	-0.0121749435633811	0.494791666696104	0.592018257241471	0.989287229376282	0.614559428029233	0.987948980058031
217	-4.22633405430361	-4.26506008744904	-4.19953075393158	0.0577214174555314	5.16512906733641	0.0119152272439135	0.493881801648727	0.592292735540741	0.98977286565677	0.611479504631527	0.988047998749263
1553	-2.2020144803569	-2.14212510563803	-2.23077511703411	-0.0668950892508242	4.99460355680752	-0.0116673567145158	0.494270833365715	0.681912685483655	0.990152796440201	0.781834432032274	0.989309827665305
204	-3.44764970525949	-3.51372860532787	-3.40931670653461	0.0564600288643904	5.17979448571465	0.0113202357548843	0.493489583370133	0.625114265902101	0.989688204662646	0.669788200590047	0.988926774564464
144	-2.96446293716981	-2.97395656588062	-2.95597814579878	0.0634786432643981	4.53537158979168	0.0112964689545141	0.49453125003091	0.613524450308883	0.989840567335932	0.635059356747327	0.987854593737286
121	-1.53432144431551	-1.78900428897182	-1.36122734869537	0.0533181210846525	4.7953380941335	0.0112035236396689	0.493881801648727	0.67339705618733	0.989915963045001	0.741990618204398	0.989215551383871
734	-0.317640674564528	-0.276700395938879	-0.344992007597035	-0.0334714610240621	2.49785554369182	-0.0110293784213551	0.493489583370133	0.620362753685931	0.989166045604929	0.770471907572358	0.98936492321911
40	2.35731842632923	2.32082249126465	2.38828431584803	0.0366194913875431	3.09750713145075	0.0108204065846229	0.495833333356882	0.888572497016206	0.991449747084616	0.901386343957675	0.991397647171173
333	-4.78232678592542	-4.72245838675691	-4.83446129205792	-0.0504586110548644	4.59524695381363	-0.0108140089485852	0.493100755050694	0.508976705160987	0.989487719906447	0.4990833674549	0.987572063197813
374	-4.9913486604348	-5.04450875866862	-4.95670687499994	0.0474490726216183	4.66012668790775	0.0102511749238971	0.49622494144283	0.555698737065953	0.988868306191491	0.566006259162875	0.988647910130408
1649	2.03066647432588	2.03783728782196	2.02815703205186	-0.0362511707998792	2.89701493296302	-0.0102349669086556	0.491406250048581	0.667832425675824	0.989383397758718	0.795735529799467	0.989798278989419
133	-2.41005629167534	-2.56729130995611	-2.3182794265859	-0.0635891482855744	5.53585292356312	-0.00986120550649274	0.493881801648727	0.653974379156378	0.98956869544405	0.757660623232508	0.988571509407695
188	-2.72268111824561	-2.59793140198912	-2.79738531246985	-0.0623830574857553	5.40748571889994	-0.00977648530803215	0.494791666696104	0.666993089531062	0.989834654711436	0.729623981222068	0.988706408449611
24	5.13876896418223	5.17942062478922	5.10499858808933	0.0137745594571883	1.70844768873886	0.00923564677824532	0.496875000017661	0.907629978336171	0.991703957632816	0.919228735634021	0.991432130965012
1855	-2.14735872135735	-2.11906703334113	-2.16947251817454	0.0418047121679432	4.80476854056116	0.00905896300664451	0.49453125003091	0.691491051314287	0.990381943666472	0.743237896425636	0.989250543485116
49	3.00641954050618	2.80091570004645	3.09248436041142	0.0239043805282426	2.66460598885788	0.00904382680983644	0.495964592576818	0.913864758762764	0.992164101860145	0.900826972129299	0.99037744134487
343	-4.35731600517718	-4.34565805906933	-4.36055155139242	-0.0487530560064382	4.33935746887842	-0.0087654349545951	0.49466284824676	0.549963761794705	0.989341542675706	0.584663307738241	0.988510691147398
207	-3.71847657248258	-3.77455645380244	-3.67613345773652	-0.0464006506949124	4.92800315988177	-0.00868279387221676	0.495052083361299	0.587681483761473	0.989449888688371	0.637477406756481	0.988371872763024
90	0.616883735956457	0.577052917400113	0.65808943578045	0.0313771410868418	3.34104547970873	0.00801009557644953	0.495833333356882	0.755550816321953	0.990206357408313	0.85620147849276	0.990697097231206
1559	0.430355461863708	0.385694083600319	0.471340375244513	0.021157635893605	2.17523431755908	0.00785216472555826	0.494010416700522	0.813635421744531	0.991701563946367	0.776853552826899	0.989148460081989
253	-2.55477033374332	-2.5745953791791	-2.52594387194888	-0.0420497983354178	4.61396076980676	-0.007619726462884	0.494402499380749	0.657318870584459	0.989511018314839	0.708008651073634	0.988858860447148
316	-4.06741842806843	-3.9591601695079	-4.13078201732504	-0.0430838015424015	5.05491681822897	-0.00726938403353793	0.496745639174853	0.623339401087812	0.989710565866286	0.653475030819927	0.988486075726259
313	-4.54408573902166	-4.570719744491	-4.52318398166177	0.0424804404300536	4.81651671919457	0.00724781419750128	0.49466284824676	0.549114450916865	0.9890499205275	0.588134837648309	0.988216133244382
63	2.45488817129054	2.50307995343174	2.41001459295049	-0.0241724589917074	2.81510711543741	-0.00637949751798819	0.496745639174853	0.804998097542634	0.990921607105347	0.889071465545228	0.990641573990851
600	-0.89758298522613	-0.909446485268257	-0.886319134152373	-0.0287116103561837	3.56185198762606	-0.00624242730260458	0.497135416682856	0.486411606760534	0.989223853889643	0.773519361778896	0.988972539412075
1410	-3.65053246025069	-3.736475315797	-3.59316950388066	0.0522383488838116	5.53641921580005	0.00620881306145562	0.496875000017661	0.644442985876175	0.989738376337112	0.65122063994417	0.988724090000606
362	-3.892942502783	-3.84989967785386	-3.91947495477882	0.0408603316874743	4.8963629655716	0.00612022577343688	0.496614583352467	0.654027788921823	0.990490651561307	0.677710018264948	0.988746050487058
58	3.87725642547639	3.88516009928715	3.87629491565702	0.00954879797034858	1.80680955892151	0.00552650931615085	0.497526685772888	0.647498624893099	0.989542865069923	0.906032695453035	0.991524357391473
210	-1.39360534494906	-1.35010944854494	-1.43270106846337	-0.0196200686503065	3.91034198334902	-0.00521823465902202	0.498697916674025	0.605333048165169	0.98905454867112	0.692596939221898	0.988585330858687
361	-4.37746983036525	-4.34024918032549	-4.40267104657593	0.0202823714775304	4.63589519940219	0.00424264730133794	0.498697916674025	0.565347120879427	0.989292983616946	0.567998316424709	0.987141226750273
20	5.52754766437349	5.62342180313663	5.45724062276506	0.0100757812151837	1.84137288183315	0.00397731415019762	0.498047383504911	0.904272407661413	0.991347158641848	0.924369922332975	0.991918445441185
128	-0.0571762072885784	-0.0219752303190983	-0.0850388474568318	-0.0146125532798775	3.59663940542714	-0.00377864156613659	0.497787034638899	0.778910540289956	0.990594419871184	0.824828232577641	0.98930929915445
239	-2.3639249203795	-2.34118773810012	-2.374545575471	0.0141018055045983	4.30781095797948	0.00261857861156507	0.498307732370923	0.609948806880764	0.989037997268451	0.711076582522094	0.988914241955443
76	1.11455281212486	1.27780690705126	1.03412754956281	0.0106485730044428	3.84658500240708	0.00251726404076309	0.498828430102947	0.694626232389173	0.990537996142869	0.884810523491507	0.991479653156246
1659	0.111323262934929	0.129140067878081	0.0949909820830195	-0.00338686939883726	2.60209257672712	-0.00129516645432734	0.499609476700982	0.722584362968272	0.990245399813401	0.781597662027442	0.988954872623403
5	7.06495605266742	7.0833019982348	7.03833024448322	0.00122656469308247	1.41721548223615	0.000631721775072911	0.499609476700982	0.919422135875139	0.991945593890911	0.914758078994343	0.991950552388722
813	-1.26218236880419	-1.16160692226896	-1.3395648840731	-0.00251187816861531	4.07977156199745	-0.000628366006967186	0.49947916666961	0.699330340921	0.990142056018927	0.795459106982267	0.989540411712123
237	-3.58637833959123	-3.56456349144556	-3.60383180836667	0.00224298621663088	5.02139889933313	0.000548672784129956	0.499739583334805	0.630994443876236	0.989883496909176	0.660444372907908	0.988506737302425
174	-0.933923923595038	-0.917713096012422	-0.940297781049096	-0.00272433512860726	3.17498917434462	-0.000525256188980071	0.499739583334805	0.733953029753326	0.989749166624488	0.760722540106549	0.989452127692873
