rab.all	rab.win.Explained	rab.win.Protected	diff.btw	diff.win	diff.btw.025	diff.btw.975	diff.win.025	diff.win.975	effect	effect.025	effect.975	overlap	we.ep	we.eBH	wi.ep	wi.eBH
64	3.79446795484191	4.04818793839171	3.58036606808358	-0.622039047096177	2.13137644978431	-4.75510476369378	3.14606291080498	0.387663258537979	5.16619346669385	-0.267517902870772	-4.39296013634571	2.60581550447624	0.37719298327452	0.0130508607383881	0.920717546264947	0.0215160231636498	0.95572871562616
114	1.63268058658339	1.92439891181626	1.464758682935	-0.550531935869168	2.23944385425426	-5.25580614922819	3.34597597824911	0.380752173696172	5.47985366783428	-0.225652157346318	-4.94137252884098	2.75611119866618	0.398848684870959	0.0182444518202147	0.931368239173663	0.0449372172525867	0.956811795259729
84	3.06767228850604	3.32680780623569	2.76616901646619	-0.395149021032299	1.70246299788633	-3.40467279094817	2.66329212024313	0.302248101877963	3.65227341003703	-0.221647618643534	-4.28522591414181	2.58697438465384	0.414086051526921	0.0593674763757676	0.953932835589951	0.0865374351098846	0.95920059283482
85	3.04510528546651	2.67221405880433	3.18205464665878	0.444655077938902	1.85799469116441	-3.01996463028202	3.85169079425867	0.347274187109849	4.22262058744622	0.220280190108953	-2.71959950785332	4.12479282774133	0.400109619724873	0.0653334936893931	0.956019000182615	0.0604349396116671	0.95860975647619
10	5.59286536682749	5.00295434109077	5.74384572902823	0.431769996606286	2.00117828166187	-3.60051705606629	3.49312826338658	0.333396915728918	4.52623026597024	0.208785250014837	-3.09810906546813	4.30146628486364	0.419841052858017	0.185312156343807	0.961388738462277	0.107780621754728	0.958812403553194
30	4.88941349972906	4.71393954727092	5.02925648733676	0.318780465259318	1.55328282017463	-2.26090451209846	3.31621098915378	0.259069587135872	3.57204588554012	0.195545124360119	-2.84360897156078	4.47447405735437	0.415570175982808	0.0595120790971289	0.958054934339708	0.0981498794589915	0.958613407751301
32	4.96406034181249	5.18938794923098	4.72030792197216	-0.421967019664253	2.2861476211962	-4.38813239999863	3.79526999315676	0.385541048066077	4.98226965809482	-0.192880821173071	-4.16912444891281	2.88196449200752	0.415021930372517	0.110629968437475	0.959564945257738	0.105217094520207	0.958861282816262
33	4.25280860072472	4.55922372164734	4.07012966620171	-0.344406809723607	1.74733667813559	-3.77244757867565	2.61543456379919	0.293332185009519	4.14534883009075	-0.192156700207561	-4.63442227545274	2.84493546906149	0.40597587780334	0.0477936229650582	0.956648923669745	0.0932644420028638	0.959338723399972
266	-3.17842549052291	-2.63061245390811	-3.55918567315592	-1.00050625064677	4.61391023030439	-11.076797776321	8.57311873847656	0.826251823534428	13.6901429133221	-0.189718145631737	-4.8433746980884	3.37669242859722	0.405042478007596	0.166212772007432	0.927084662225889	0.101809400284821	0.951183736452322
99	2.73422088170138	2.57238171518965	2.86626012138658	0.340481525626061	1.79530084900098	-2.96065374657968	3.50018562674211	0.325345239074649	3.96896328729074	0.189676491484754	-2.90704240989084	4.08617685711162	0.417648671398499	0.123504120510686	0.961355307369469	0.123130730561928	0.960876875151491
142	1.58100997822621	1.27932403887965	1.74566938499519	0.401742413930675	1.96504080123323	-3.71981944874636	3.99452648500261	0.348347621033923	5.12807436948023	0.188874602384936	-3.28004051208442	4.25203939821543	0.410249383973117	0.128071249966019	0.95992490434086	0.0821983313191264	0.959307549149946
2	7.09268095293331	7.2348012542611	6.96746769811379	-0.300204053668031	1.6013138602006	-3.11267519331948	2.50235577075757	0.299048422786033	3.44971514868074	-0.18431577128026	-3.62695090267491	2.9085259353154	0.420230263670454	0.144103377806291	0.960654042454028	0.146743986608094	0.960497683686698
146	-0.052160972626079	0.371894427496176	-0.36312386768615	-0.693239098202094	3.17511594075004	-7.91755360692788	6.39098444591012	0.534899404898642	10.1046695588911	-0.183463857642435	-4.85733469545965	3.70460292404023	0.395285088405097	0.159214088174619	0.957205676663133	0.0444808483107827	0.95082534891889
65	3.61694557006449	3.91553235689331	3.44015894658251	-0.339441162710044	1.74650376166475	-3.36557992169373	2.99957237153321	0.283375889924336	3.91841738323221	-0.182814412590956	-4.37613559588648	2.90980697344337	0.417374623716064	0.152588681989222	0.960618883830922	0.11202542323151	0.959317492141225
94	2.64222199915783	2.93267252823588	2.42059148033494	-0.496674967163076	2.57995511764206	-4.81352178827647	3.83706569010254	0.396144288517287	5.49166803637823	-0.181218037361975	-4.66693638648786	2.76454498148132	0.420778509280785	0.105392613520516	0.957804122097679	0.135270293468733	0.960189359037883
172	-1.38482162981581	-1.03673155886334	-1.65019072330349	-0.932405412767896	4.6249953247657	-10.5684865526056	8.15869236711025	0.786455848485717	12.8250082509359	-0.180113843040846	-4.6932309147824	3.04941162511355	0.414473684762229	0.103377664391833	0.951953169834172	0.111035235728786	0.959526135782862
173	-0.687434924002192	-0.455105076970168	-0.846922293595688	-0.587634422746814	3.00371188559837	-8.15091141155105	4.96081177320924	0.473318584154931	9.45049505833252	-0.174166934085766	-5.87150277109471	3.0289807867906	0.399945176091269	0.0412161602637309	0.927958166007252	0.101880595800691	0.957710970929761
241	-3.90056143326606	-3.37569895322003	-4.27788117849189	-0.942273657068363	4.96684514177961	-11.5709030335458	9.7209700876003	0.851152533726859	14.6912528335009	-0.16004960133488	-4.75293040718312	3.46197920121511	0.418196766763372	0.256021382915484	0.96077400980672	0.180713327038567	0.952781805385005
116	1.960638545615	2.08880787459119	1.81085598598258	-0.292673427694605	1.6758741287335	-4.67458942068383	2.93388822974622	0.268729065013957	4.8720613883585	-0.15379332952548	-5.01510548096451	3.33237422082543	0.42050438647562	0.100577900475555	0.957519045672659	0.172651461800263	0.959856522796556
71	1.10049689973743	0.752959543970712	1.38403720146065	0.671403788288252	3.89462684667498	-7.9906713083929	8.83213472771511	0.618155455108091	11.4355301922117	0.148491950257329	-3.82526700859323	4.84832116056916	0.417100576033629	0.2052227783524	0.96190201708795	0.0899390819832113	0.958974420438103
15	4.75542218432849	4.90994905068128	4.58899353754801	-0.316008199262011	1.88726121926619	-3.85390204091183	3.62581843489423	0.313160827878849	5.05612290452563	-0.146038819715251	-4.23728022680869	3.39456089484785	0.425870101872013	0.227265821157978	0.960976688043922	0.162604832275018	0.961253810790893
135	0.427961277835546	0.221484920309499	0.552705864676753	0.479162574791029	3.31769942207117	-5.60862731653368	6.5730720050711	0.534151698952417	8.06923099397088	0.144740349981372	-3.06515814883479	4.6454951270941	0.424067982942847	0.152393761873524	0.960482389571798	0.174617966423276	0.961408309840392
41	3.78673764798697	4.00344632812211	3.66618194914965	-0.314709607183186	2.02030288687104	-4.06351770451288	3.67859436664119	0.291425946190521	4.896655032196	-0.143674735866523	-4.59030319112974	3.46845768555414	0.427905702215422	0.171909868329506	0.961163692801088	0.177388249618898	0.961465334009306
254	-3.39186817780076	-3.76543633073778	-3.03898268053113	0.763483440921684	4.55707112067709	-9.21972445517033	10.3078868725989	0.796645822819069	13.5903881763899	0.142793851157996	-3.39061423437325	4.59962322289475	0.429824561851774	0.33554614985793	0.95999961349509	0.257134694802539	0.960666003237061
57	3.74106224443526	3.51676382281269	3.99524010794176	0.274285189057261	1.85286174534026	-3.25616685614387	3.50527310957849	0.310529993193244	4.10849988703211	0.140715050046803	-3.19532790024628	3.98634280402168	0.438048246008022	0.270753151373124	0.961409833533736	0.25084917266518	0.96401134727685
93	2.44377700087459	2.66548910323607	2.35894424151755	-0.294090714585055	1.9497839059846	-3.89217812406623	3.36732013399277	0.324263257371731	4.72941811508716	-0.140495946091697	-4.18033614365992	3.37337096105295	0.439846533678794	0.207334670278767	0.961388738462277	0.217230417746349	0.962952762388046
92	2.30376053417545	2.10738963243287	2.44716480801508	0.376729123612147	2.53860781646965	-4.32815992268531	4.98907020671176	0.412195409879606	5.94773227987884	0.139844810368098	-3.09993226149209	4.56346751883402	0.426418197236944	0.187819390633858	0.961388738462277	0.163604631607751	0.959806460860554
261	-4.05818103417698	-3.71253755874432	-4.3404856541142	-0.733915035088531	4.66771896901672	-11.7321074701406	8.94453352522926	0.809548341015216	14.2464618176162	-0.137749284950444	-4.56231591456931	3.16385061763489	0.429002193436189	0.232840692905002	0.931385771155475	0.251236731688317	0.942510387137356
151	1.81810057748744	1.60844292690964	1.93605847387042	0.189773132888432	1.2610923392106	-2.19642829377767	2.71132529605063	0.218202810632139	3.67430483335082	0.137369303481492	-3.25343137984237	4.44947466144055	0.437500000397584	0.196481264601199	0.961589171511574	0.208940219259953	0.960333235692077
285	-4.58224523403389	-4.19567659313747	-4.85497335399931	-0.774972716610231	4.92495842464392	-11.3461628791962	9.20191379663088	0.851601728734645	14.6284498588594	-0.137248775690661	-4.47469244824858	3.18653146480497	0.437654152218772	0.293199567248776	0.941944551577702	0.269459466279181	0.949968491252347
23	4.88649121807547	5.10363456793717	4.78173758833507	-0.27829871094021	1.92507247834513	-3.79265322263254	3.4327376056548	0.374084706583084	4.4974917743321	-0.13686836621792	-3.94730895874306	2.96057676323225	0.43902439063128	0.272894607582357	0.961607062688393	0.248667425616852	0.9636923206198
196	-0.374900037266182	-0.570925903059171	-0.227608591437869	0.444568308359907	2.68227307633077	-5.20826503446375	6.25512801930021	0.510784379510881	8.57330781488169	0.136686282383683	-3.37449410169595	4.50590587824398	0.432291667098573	0.264548768422372	0.960318886357859	0.233989693396765	0.963156196082258
269	-3.72700632708882	-4.1247207272544	-3.40840363092765	0.717918472075548	4.79778077010304	-9.14131146856768	11.5293192753259	0.865588172731266	14.032054063709	0.135963725320349	-3.2699749386917	4.20539898115228	0.430646930267366	0.269222082141331	0.957812416681686	0.262248088124811	0.962279400885214
44	4.33541339059803	3.8342646503687	4.46960526545729	0.242466934855877	1.74682824552646	-2.87604461707095	2.9180167511514	0.295725613168763	3.72294301127575	0.135906270448576	-2.98465141747471	3.9467298901202	0.440789474060257	0.309661170886827	0.961991810503927	0.282272481799925	0.964900383499504
91	2.04718198325126	2.25142767017127	1.89242182293676	-0.353597802140842	2.44876917894852	-5.09866907894658	4.40101815138607	0.414740469800573	6.05747734087721	-0.134918791179731	-4.17909055792595	3.38885622928376	0.436009866123786	0.27850965332034	0.961566119990526	0.229124846746463	0.962493097147328
106	-0.417805720441587	0.00522197416283277	-0.733679287632976	-0.661075562655074	4.51956168634324	-10.2248837499731	8.65370483516699	0.751375254801143	13.1110257578335	-0.134284573492806	-4.68971674298919	3.35920548541296	0.432173198568929	0.221232261282934	0.963053045701291	0.151811352321951	0.961375590646001
107	1.8613179155152	1.6278191680106	2.16748976830755	0.344943972352872	2.46637319534221	-4.66356181196324	4.35170385715702	0.400139967284815	5.6192652647465	0.133702664333304	-3.33146809215782	4.28854947771606	0.438202247583773	0.371109336818932	0.963036850846236	0.202064866019959	0.963096875989561
223	-3.2255872404359	-3.81597705864629	-2.71495228700042	0.770150519920346	5.16624767989711	-10.7714883160755	10.968877798909	0.909553975582068	14.8728858363191	0.132973999454658	-3.66176754925215	4.59130326731496	0.4336622811246	0.415075088504938	0.965716284752287	0.246204707685101	0.963235265274227
29	4.6897525216728	4.49798404927138	4.79899283870925	0.235731149034007	1.61676927287126	-2.82444053290765	3.06900898824977	0.26992047536169	3.69779063277707	0.13262195149271	-3.06261590866937	3.71011540272281	0.436832009171276	0.291180478004309	0.962106998185022	0.239312529466147	0.964214431238913
36	2.89356355949876	3.06108649647716	2.77295378043842	-0.363864915009124	2.66732234174638	-5.79310613379265	4.58874301133743	0.287389880728165	6.11574940819293	-0.1320904822502	-7.24294999289867	4.1825045787807	0.40339819191331	0.0686418839803293	0.957677518710492	0.0618449574506872	0.958281202020282
155	-0.00812918693697906	-0.253443392743365	0.257456196517043	0.484460349767287	3.2677334280105	-6.15617354706748	7.46506277342267	0.547390790510886	9.55547649112597	0.131821053605657	-3.51875913014887	4.61257021936253	0.43009868465697	0.219247329568315	0.958955394449668	0.186465453934334	0.961130883523767
171	-0.0936812577939676	0.110882240169365	-0.254391288657372	-0.468866938055439	3.01579731917759	-5.93878300373617	6.25934041918152	0.476568896856633	8.21495723411061	-0.128767764836687	-3.96921466631391	3.8053948832385	0.429158674061651	0.374930253193525	0.963888736630109	0.20838517011758	0.961875105314494
126	1.44260933113556	1.34409760283381	1.58111453800431	0.31288001183146	2.19874056504571	-4.43430836985745	5.51915079507093	0.33625451499063	6.25509667608589	0.127780011254708	-3.54188270811559	5.18467031114479	0.431195175877764	0.129694915642045	0.959441343489158	0.170512722382966	0.960437550843094
42	4.0023512284985	3.71825246989131	4.40714964082179	0.282923285281619	2.03725586017579	-4.02120128636028	3.46541003847143	0.350877187787921	4.77225861688966	0.126428100613039	-3.82169742390665	3.76920928390246	0.44368320123394	0.656230608069742	0.975049044789496	0.322807036883848	0.96516718791363
87	2.75460486986167	2.57045706605157	2.85959609575634	0.278205190266535	2.12769979191847	-3.6852517261761	4.20718866305507	0.379764517751493	5.0026086115746	0.122647626049995	-3.08145907542914	4.09963161449815	0.447642544191143	0.339545868231095	0.96198366397816	0.3074794701193	0.964580456196087
47	3.36247609549988	3.23001778385174	3.63505587186518	0.322239905956624	2.41430508347878	-5.08131750219985	4.80526558371995	0.393810986506007	6.0844904531773	0.121743994647587	-3.70230508719111	4.32684655021337	0.446149630376604	0.402688429170329	0.963468405010601	0.269702779824819	0.963971552356479
53	3.29786902986893	3.18669204732333	3.40269160571501	0.310555577294165	2.35521041361871	-4.20227047484186	5.12681942645347	0.412686799124288	5.8240325067584	0.121596759720238	-2.89890699077169	4.6059257979442	0.44149081977384	0.175877664584207	0.961193416220905	0.26514072986651	0.964043436986251
112	2.13348125960549	2.07328726967778	2.17869646138387	0.232742544707357	1.78984128886507	-3.24023337245032	3.54641728789917	0.304990991050464	4.18676031316078	0.12070095899688	-3.17572010098467	4.01201036654367	0.4401205813613	0.290359917837465	0.961892294692551	0.327610745253473	0.965465007333116
178	-0.901192755451658	-1.17196989941016	-0.714341145069453	0.569534986443993	4.17735442570994	-8.13814028471105	9.34457246094159	0.60640977770507	12.2473918220569	0.119117295075264	-3.52796806557608	4.97885102856353	0.426966292601879	0.2217970570738	0.960090938574186	0.204253628176645	0.960110806927621
259	-3.94733258608286	-3.63822022003004	-4.19093992077522	-0.686721822759697	5.01569359226027	-11.7532653866099	9.67270765425491	0.933424721085228	14.4400603266947	-0.118950181942911	-4.1228113667754	3.43635527978186	0.442587010503885	0.320737759962106	0.961867032753903	0.313230654180112	0.964953100449117
203	-2.54388685820676	-2.94473037132108	-2.18374438299121	0.596712485583196	4.87012445829797	-10.3798837637733	10.2057229050376	0.878396172181888	14.4952664020424	0.118640163155732	-3.38132427708589	3.85839225370249	0.446271930164934	0.521817418573843	0.971214572965377	0.306596588300995	0.963391048782848
58	2.17940445567079	2.30451096814143	2.02244166734067	-0.334893850597159	3.04674230535576	-6.09541094234635	4.95612683058607	0.335371303980144	6.50026579146308	-0.115968232207924	-5.6967454769947	4.33623930494155	0.420778509280785	0.191961586399996	0.960816576625507	0.146378325663768	0.960110177976392
39	4.40794620669649	4.15721979006144	4.51307691951414	0.207204341780601	1.83285950053962	-2.99189648190407	3.31885066975662	0.313859292243483	3.92988013301943	0.115320735203475	-3.11519854098092	3.66413389942584	0.453548917804893	0.341994864469533	0.962328580033021	0.318266755381291	0.964854705420413
5	6.62375431201149	6.54983525011263	6.70492514701484	0.217343949028467	1.86973847594157	-3.08963373402877	3.45516391661895	0.339891769520361	3.98744517640764	0.114733169633557	-2.70511845353576	3.71603615056565	0.447642544191143	0.302458325816443	0.961693717282768	0.328129511106286	0.965101918842546
226	-3.02570026227489	-2.70555428339132	-3.23572651445166	-0.589837094018675	4.89842227932053	-11.2421568162359	9.39851098892841	0.824590738668595	14.2410743919248	-0.113621866748182	-4.34355876478273	3.35606659734783	0.442587010503885	0.368376580156521	0.965409961295595	0.368053814626875	0.966742827088564
100	1.01423968529779	0.860242984923559	1.18350446769915	0.43323390806824	3.21882839515487	-6.63490386712135	7.17638263652437	0.480586385707732	9.59768339205361	0.113211034407755	-4.00711684040544	5.27103260104735	0.434210526735017	0.293962402406912	0.962772695379676	0.230480091940877	0.962419748255162
132	0.813899351446481	0.969986563684108	0.706228019428181	-0.370101899936257	2.8206405616392	-6.65313275024244	5.34482173587781	0.484921954132425	7.75247626475852	-0.111972622621015	-4.62829063572046	3.15841389956047	0.434758772345437	0.169632879395314	0.960336745262985	0.234319032455193	0.961848967766821
59	2.83226285059222	2.74478881803681	3.00920653253505	0.301364085793195	2.49583654247659	-4.46841249702575	4.79969308665899	0.434316314190242	5.63464136115739	0.11043277491299	-3.206190803966	3.94671650947474	0.445601535011563	0.28156194984705	0.961705097318977	0.350934156460607	0.965419192246395
139	-0.0366495252108647	0.128665271610606	-0.206992691959127	-0.371449922891131	2.86053625866323	-7.02241453714828	7.33948003811916	0.416404174044748	10.171704775541	-0.105779064597465	-5.08129692110593	4.79157241981206	0.433817484663849	0.612103106858267	0.974686594664728	0.271542511829676	0.962532296436671
69	2.66457980125573	2.5402670319073	2.79075766496461	0.294558694928997	2.46924409059449	-4.79007276514975	5.41694338692818	0.440475766823567	6.38307362459814	0.105551060204823	-3.30129917589926	4.16325204442547	0.448464912606877	0.297563344198295	0.961665551930322	0.28642811263432	0.964811036127737
3	6.97709156159594	6.83611647085701	7.06855028319196	0.156224342472771	1.47298693291987	-2.53244879054774	2.68006016727957	0.278353188336844	3.10386728751378	0.104832318404201	-2.90924464230041	3.61549579102643	0.454097013169967	0.491376146747455	0.967050630022039	0.446381431093261	0.966797471508512
123	1.71483161401698	1.84891392219585	1.59743606168756	-0.214977783456316	1.82731859559355	-3.93872865501079	3.93928067445115	0.286052808112281	5.17132845161802	-0.10444671762483	-4.28042606811184	3.85067139230849	0.445875582694083	0.470384379505273	0.967896040774421	0.320453851155842	0.965347876845917
141	1.25661615904226	1.46768347403688	1.12735369242186	-0.254609422599238	2.01753462461018	-5.57205452448622	3.77105274336237	0.360395303819984	6.93270936612929	-0.104415874537293	-4.51307449140662	3.65045417781456	0.445875582694083	0.263491894798472	0.962306554413689	0.249643350526121	0.963481908121903
212	-1.53739205277192	-1.36890076625445	-1.72811033637421	-0.415450387647136	3.35723081026471	-7.94722646579118	6.27247639464049	0.54789222681414	10.2287188070611	-0.103869646344759	-4.50161322076487	3.3531822395753	0.448464912606877	0.336942377981539	0.965101391560911	0.395456368033536	0.96731314927836
61	1.56361452232908	1.37079334870344	1.77383773227449	0.51457882886124	4.38287619964797	-9.77360965144383	9.97332022863136	0.520528750215162	14.1700836894596	0.10385869963627	-4.7872481597301	5.80425937820273	0.422697368916971	0.348258861592867	0.964606277935606	0.141792475592337	0.960741569263966
251	-3.1871548007841	-3.51548459189689	-2.9138504619622	0.577805889389648	4.71250744734801	-9.35027006548556	10.4349087185493	0.806372652460853	13.5517570409876	0.103650849398205	-3.43856908387534	4.19753275575655	0.445997807359693	0.406645187324057	0.967880291384608	0.372542133149782	0.965646372905231
9	5.64483183908983	5.69551812487723	5.59725416664578	-0.205127961143716	1.77329319825534	-3.78476758905795	3.02123891179674	0.303562877436104	4.24410067186056	-0.103618401218278	-4.04238139563899	3.20912856824789	0.450383772243608	0.352535954197307	0.962488555177242	0.383313416163216	0.966375901234316
195	-1.54345121685514	-1.34226494451645	-1.68270217272166	-0.469679982627	3.7720568378021	-9.54925009483127	7.08010750458385	0.536099081037096	12.3725057744756	-0.102842523546009	-5.36021952718574	3.50477653049038	0.431351055521479	0.15787244039376	0.937203922932619	0.236476684796104	0.961955682159097
79	3.34353668094628	3.30143471375677	3.39175975833018	0.140125631001842	1.27918075760749	-2.10276148365632	2.53536494222509	0.23860548220075	2.88497046665637	0.102092752482624	-2.96620476581844	3.95326106554274	0.460674157551024	0.322337542712324	0.961708026769832	0.39500693888813	0.965732141439799
256	-4.11207116430067	-3.89411741706899	-4.26541186929939	-0.563058515834009	5.0868411431984	-11.5428649252649	9.59461651194664	0.839828316313628	14.6117085300792	-0.101742363864254	-4.16011576070346	3.45465075346086	0.448890107201847	0.371011891746968	0.959038667655615	0.396893693986059	0.966822901198063
1	7.98044282056476	7.76486984473677	8.05022777911454	0.163993164042116	1.50117444936654	-2.47426488248536	2.9805839938237	0.269214803858045	3.31202296116296	0.100441642742482	-3.13481854234082	3.86951806356103	0.454919156217584	0.290299399412469	0.961772466291002	0.413212967021804	0.966244765010769
137	-0.0175391158894724	-0.107969940854823	0.0467141453802355	0.362718695777072	3.16264405626451	-5.8637557018746	7.3636131321535	0.513990640422282	9.53027030089729	0.0998710745471009	-3.50632236347267	4.71678766275785	0.446697725741648	0.299630417336492	0.963030697113175	0.341187726323101	0.963855513130231
252	-3.26439576779121	-2.94719295032321	-3.45644241641511	-0.541155544727586	4.85410078778121	-10.6495696498219	9.48275323702279	0.792793372340337	13.6419043692538	-0.0990804776115111	-4.08805034464289	3.59442833225194	0.450808440979552	0.424865999213626	0.968091914845022	0.384871345970958	0.966614192532521
238	-1.30393269799226	-1.51639596625847	-1.16154112124	0.277193617913092	2.44571917955196	-5.02023165932969	5.75336099914967	0.436051833697377	8.38597533143861	0.0990735874374533	-3.89206661729978	4.4348529816232	0.453274870122356	0.439881083041986	0.967639052720152	0.37091823216976	0.966197071647402
213	-1.58322203595046	-1.87512293496229	-1.30868749950568	0.446731802062076	3.99891793100552	-7.90827369159351	8.78493526325002	0.682266260355721	11.8228044678456	0.0974592865711475	-3.70034614561673	4.50127456231914	0.445053439646525	0.481104649238875	0.967933651084752	0.361620691058134	0.965962782153425
239	-3.92275152206685	-4.14997197882566	-3.68838936765604	0.497869310214721	4.60371046492801	-9.31679758560379	10.2000372816233	0.804142996172022	13.5699357868567	0.09709507344653	-3.59651433890844	4.24888046843394	0.451480263464611	0.448286283621031	0.962576676675961	0.372577042077835	0.960560488512729
13	5.8521522364517	5.79768537536945	5.86608492258329	0.181693167584754	1.92776137043038	-3.07221398840371	3.4885340794877	0.322016101428479	3.83007287904848	0.0958059115378987	-3.17608242745062	4.00909083445962	0.456289394630288	0.304821649795111	0.961837180044068	0.379037985578502	0.966020678140594
245	-4.34080667858708	-4.55932416268065	-4.15239206418813	0.500521084361623	4.77032217558427	-9.26016888160189	10.5637873367216	0.832549645903847	13.9079100855261	0.0946503947056184	-3.50831624535068	4.31846072181164	0.451754386269863	0.40118120608311	0.966491873233526	0.404596340100036	0.966985436519205
216	-1.09896522189945	-1.30684702449408	-0.940846679967602	0.37943785325038	3.35758154159339	-6.91608531067128	7.91622260222656	0.533528683502773	10.6058686664601	0.0931577815623473	-3.80255659303961	4.68002667177537	0.45026034561449	0.526708500041181	0.971652409274828	0.425271967474917	0.967219755181392
187	-2.87941856544499	-2.64190997328637	-3.01596797649108	-0.607688640726057	5.57332913664057	-12.5130923282191	9.95678582436144	1.01172208322383	15.8316965107605	-0.0924072894731424	-4.10357874177612	3.26385548530511	0.449561403827863	0.368195722900919	0.960552398135522	0.38186152099905	0.96513314740217
230	-3.58416236136934	-3.81645870041628	-3.35274863779678	0.540347327227402	5.30478619003991	-10.2468470718391	12.1841288919551	0.928169067955112	15.3185575233383	0.0924051914372136	-3.37836036057377	4.40114435033321	0.459155702011869	0.425201720193303	0.966335085935768	0.437183482069589	0.968007682227198
16	5.26053580316195	5.08022926826519	5.35496595816403	0.198952038092807	1.94917357068525	-3.52373672498761	3.73376827187461	0.362340642056855	4.64962396452267	0.0909917093118751	-3.02805533427498	3.9447870834247	0.455741299265204	0.443221397029169	0.963910690020621	0.397461711110648	0.965835094447186
186	-1.09195296701454	-0.552247287747301	-1.36477592845534	-0.448181334640129	4.45248619868851	-10.1378418867017	9.35497302542378	0.622681538818927	13.8480632300898	-0.0905420502974104	-4.77317294096793	4.23962913225426	0.447793916471742	0.476161230969111	0.96901539144426	0.250006511495211	0.963413657348185
290	-4.65120636544474	-4.44276761672652	-4.83350289412628	-0.47138988698882	4.56490523126499	-10.4229731892309	9.2949697950763	0.792164156551646	13.7526858600836	-0.0901420493714286	-4.44370738848353	3.52732507293112	0.448616059519319	0.414189942034631	0.964760324534011	0.404381785341391	0.962822566129936
218	-3.16720502239389	-3.42815137079435	-2.91680064067083	0.504028730906335	5.14500068824339	-9.71230186275668	11.2775339622129	0.912794002443302	14.1982958263733	0.089208669269555	-3.30747957316259	4.13278947860518	0.452726774757284	0.445662171059015	0.9676845663808	0.456511304008649	0.967684806592913
177	0.153882519975102	0.265610626958759	0.0779801387625616	-0.251546706898846	2.65349019791074	-6.00145398144039	4.79801394915867	0.425254716977196	7.36216181568652	-0.0891125223576441	-4.5094258716893	3.4381978411491	0.455467251582664	0.232582527849451	0.960703209377851	0.372015998720894	0.965608045308062
67	2.30294046995598	2.44814481482517	2.18390526168811	-0.246596728707069	2.34035125825604	-5.52694240189355	5.0433735593414	0.355557141452394	6.6707524218201	-0.0882577892899156	-4.85108482412891	3.8836107210238	0.440668676726314	0.294579793268252	0.962056291795669	0.271592885590768	0.963944542531254
72	2.19416343303207	2.02754991469135	2.40246873806222	0.304175274046183	3.00849366200042	-6.07312279217363	6.37205768384131	0.42970735267619	8.65014285684073	0.0880922205233013	-4.19531001138332	5.04058585066549	0.45026034561449	0.450404496248616	0.965225687336307	0.32325442095114	0.964951113920324
284	-4.67305710721967	-4.89941503274272	-4.49421308285058	0.461879777241049	4.57106851210895	-9.80956941919393	10.4257629900483	0.814761971816392	14.1554595730163	0.0880117545746619	-3.82873553596562	4.24379120907861	0.456140351153969	0.438731748751712	0.967183039186986	0.43057605534944	0.970607058490107
46	2.00978158851555	1.9119058786157	2.10962042420986	0.359598663187358	3.52611682859565	-7.20412016506702	8.02682174700338	0.577576543282765	11.4553520890382	0.0877327175776551	-3.45560407637765	5.02566172777209	0.450657895048858	0.308618987413828	0.9625459588588	0.300593388315275	0.965131795592642
28	4.79932153987269	4.76037781727426	4.81215002530417	0.181502779956474	1.97832167344264	-3.75220696925157	3.42804201359338	0.366825979286731	4.42308111181645	0.0868685439187879	-3.45281487528172	3.50027233241719	0.462318443646331	0.671814928559219	0.975415665754356	0.523236293749187	0.967812459015872
70	3.67204709694834	3.60540236719595	3.74521562078527	0.173687212937768	1.89869045366855	-3.25667003781341	3.51052528083397	0.349319889140998	4.29711350351609	0.0858963331178248	-3.20933493297317	3.81977151027797	0.463267544090913	0.511963144008349	0.967424990117027	0.511044659994367	0.967640506954389
175	-1.7267977313497	-2.00956886562628	-1.5025045077661	0.432157982559492	4.65567412828263	-9.62253788707452	10.4465366326751	0.757713594918385	13.9914945580402	0.0854482408670314	-3.64759319991163	4.18031797007175	0.45300082243982	0.457159542453242	0.97057000582574	0.374751431211933	0.96430056476794
202	0.276137054127051	0.435344256193194	0.176362499001192	-0.21299455262883	2.26646631767712	-4.86693436256302	5.05816183944905	0.39589277137134	7.15970166856799	-0.0845623478972819	-4.16986516821317	3.9199331266535	0.460400109868474	0.648837326729812	0.975888456080908	0.427957709237985	0.966451362856684
52	2.84953179557783	2.70667065781845	2.93981073043393	0.241548612480307	2.89763572029658	-4.89899148855041	5.43433656859912	0.467591576669327	6.45073796673853	0.0825036888385564	-3.31232468537295	3.91402118998849	0.460800438843474	0.412445991785205	0.962908304545044	0.433995667535854	0.966705280557867
80	2.78353437163485	2.8225766034464	2.73248073177552	-0.197505497377699	2.25361798582233	-4.13041901019444	3.76930143622933	0.39966676580765	4.88277547434516	-0.0823551846526951	-3.76228825962192	3.03211261736347	0.462993421285641	0.503105515917423	0.969373123535727	0.480064770880141	0.967358166275938
176	-0.0423767001981776	0.070350290710735	-0.136531321594809	-0.279611220751655	2.94236542797032	-8.00660563560218	5.31126515961522	0.489988750890175	9.40386602722972	-0.0821497662407512	-4.77423002372449	3.16058814730197	0.456837489995373	0.216019734162117	0.962174717005086	0.382764295821441	0.965904096128053
56	3.04364659315526	2.92479855821475	3.09712630351479	0.20627858117255	2.29772342446916	-4.04533405598054	4.67811557438407	0.350390188066739	5.40207948859376	0.081131410247266	-3.66727118842275	4.06538136919166	0.452452727074749	0.512704144619589	0.96745156160738	0.396210555841667	0.966311539838325
220	-3.96204654961415	-3.74468618597816	-4.11062869701199	-0.432168983372966	5.00767020589172	-10.5784262815497	9.51531867579804	0.896461314382317	13.9012335480947	-0.0794720305346897	-4.14940411572926	3.38529722765876	0.459703947622403	0.510951109943593	0.971103508263646	0.476270437253515	0.969894771439274
197	-0.255646034659439	-0.427053112268745	-0.131540533723578	0.282595251904402	3.04537676403642	-5.83647534323677	7.55212894624735	0.504022080426901	9.57830833385917	0.0785572710236255	-3.9599602090961	4.53437964124371	0.454645108535044	0.337485380478735	0.964731861825696	0.385800800233039	0.966546478348017
50	3.26708270214576	3.31973409219757	3.22088275628017	-0.208634930320054	2.55900304627599	-5.04559750590331	5.03431669124779	0.401189188247575	6.24921374144294	-0.0785286354697154	-4.30895626806297	3.38865609024731	0.459155702011869	0.347491855467358	0.962663328012162	0.385595835703069	0.965682617960489
18	5.32556676185561	5.37139115730623	5.30025803639647	-0.0962842577837653	1.16066467714568	-2.17985595492691	2.26705389321559	0.19709620533585	2.87670837723441	-0.0778578920051892	-3.80722225196642	3.58844313470667	0.46560701583699	0.661110335747284	0.978380677151312	0.492962439719883	0.968354471694589
265	-4.57479081652159	-4.77890196393456	-4.41738703947448	0.455987036883981	5.18601367847356	-9.96820168402129	11.8369454230669	0.940344447674076	14.686948688779	0.0774779042381502	-3.42423950777057	4.12902558684246	0.462719298480369	0.454285618343411	0.965173797532061	0.473203445847519	0.969961502394882
295	-4.7578416704084	-4.53725241368597	-4.92428198122281	-0.395607666977548	4.33778878564706	-10.7102506674031	8.79984483485263	0.736777848638254	13.9856089295168	-0.0764837534073435	-4.38382997662505	3.91142849450913	0.459303919138281	0.388956177761573	0.960971336933097	0.395689179773824	0.957371454938581
6	6.43000737566525	6.50576684874413	6.40800205458906	-0.114305249811669	1.37381863902124	-2.49172321611707	2.27921061376736	0.247844670645194	3.05988895711662	-0.0764448912112609	-3.85225385921262	3.03035182644465	0.468347492662583	0.486350452952423	0.969552621145445	0.518940968529227	0.968755249709707
260	-4.05150857715672	-4.3102023640776	-3.84432727422129	0.423702002640148	4.72779193836419	-9.71487564707799	10.3721525267468	0.883053250502026	13.7539593779269	0.076054561821374	-3.48120972279669	4.11215516874255	0.462318443646331	0.506256053353949	0.970945616150507	0.456275192078638	0.967845275420081
12	5.53159499764502	5.42303711541073	5.59563443396681	0.147055302907653	1.98005521947204	-3.31035030126084	3.72850584671431	0.347441104889708	4.19231154439676	0.0756147851936731	-3.23494763748496	3.56827531198905	0.463414634376543	0.459104245880872	0.96494042313666	0.495792681463174	0.968097405383252
7	5.02202505368551	5.03699008334579	5.01856360674484	0.21392098182154	2.50141697523228	-3.93359186576353	5.83945846883104	0.4531701604172	6.39515153319115	0.0748256691234846	-3.11661393237728	4.6164182829219	0.463962729741653	0.228146078544306	0.961388738462277	0.53686140065569	0.969071082589699
117	1.82423665312531	1.92764784372287	1.7563877328406	-0.180379076512789	2.16481417957515	-4.87649113193006	4.22362717953462	0.345688584094676	5.96773105041148	-0.0744592700019334	-4.52436930170681	3.63422750762858	0.460126062185926	0.526588259975359	0.969849983836446	0.478404532952182	0.968509550094602
89	2.79103853051551	2.88527489018974	2.75149700233874	-0.158781837240047	2.15135019011673	-3.98714487910424	3.46552157706343	0.341879079683346	4.50320975297292	-0.0739172208334325	-4.21023245861579	2.87412501476028	0.467525349614902	0.331739285002782	0.962777348769371	0.510836417567617	0.969502440161431
207	-3.96441797710075	-3.65214358276108	-4.19265852692894	-0.41117592994324	5.24697259520518	-10.4046659187834	11.1497821364034	0.919770061694239	14.8929033136919	-0.073804934413244	-4.05584915019925	3.8154231367659	0.466831140559497	0.587657358550576	0.973090881590725	0.459964633800577	0.968227782813421
88	1.76957976004148	1.90611448629156	1.67849535981811	-0.243953196131771	3.10619349348348	-5.96476911253986	6.27945565563172	0.408844869240883	8.68052623046698	-0.0729473620279631	-4.98194316676043	4.69713798350969	0.456837489995373	0.749227604471216	0.981512368578864	0.37893278387432	0.966032880531715
222	-2.01313197901376	-1.81951030035006	-2.15956724770476	-0.35997640228994	4.27985409064165	-9.8023321852814	8.71967665538724	0.750960626131826	13.2443922232424	-0.0723383693303835	-4.20897911062815	3.55867608151854	0.459852014503377	0.526349504929778	0.970828541711007	0.488193936806768	0.969196379379073
243	-1.92685108406694	-1.79322717961895	-2.04580001472145	-0.333926906211314	4.23215826035374	-9.69860284017831	8.6246196331254	0.684067260773513	13.1186486011281	-0.0720694718742485	-4.74281062244031	3.77277530494029	0.462445175675097	0.459209879700844	0.967168823663451	0.552969014066009	0.970156752185938
27	4.65902421816963	4.35010032357584	4.81848875889923	0.19537711744297	2.48468162475298	-4.29184734555447	4.46667257205022	0.422902064669396	5.40026928965352	0.0717954891177665	-3.61856257746085	3.70114214342097	0.471087969488213	0.593301981042794	0.973177608538983	0.619282213454255	0.97165202727274
174	-0.592988775915377	-0.495062484374888	-0.671234449921767	-0.258505934076812	3.1470238654521	-7.14600244414869	6.20942136788807	0.435780052315385	9.37659685345492	-0.0716046892086514	-5.0858665765643	4.23689773590531	0.454097013169967	0.395125574778596	0.966105711521158	0.400045076968827	0.965447025561225
102	2.11777199274125	2.26725074187792	1.93415383282518	-0.190464930878699	2.48095087178373	-4.41964740969871	4.82908315379696	0.454279755534367	5.89219991788456	-0.0701112567796316	-3.4137796073988	3.39321379206111	0.463414634376543	0.722512527612375	0.979282942905375	0.508742455015345	0.969586220188675
167	0.56757332391492	0.63576339037964	0.500793206282739	-0.191559814808751	2.26255602084646	-5.39375621468339	4.47756507713618	0.397068548418748	6.96575958189016	-0.0698294071830967	-4.29710865705605	3.81680848147858	0.460126062185926	0.501290947610678	0.970104623137284	0.523898982623075	0.970525786222197
199	-0.529141520680189	-0.367231106060107	-0.618876098680367	-0.225795226082963	2.83565105288992	-5.7439456984906	5.60805650196744	0.445395734456463	7.3749382372066	-0.0695693411833023	-4.43962180899919	3.75954107918886	0.462445175675097	0.582768753285812	0.973527842977402	0.475616418828231	0.96895510272201
263	-3.58825564403225	-3.29828156905508	-3.78301133706741	-0.372619906300444	4.60150538016144	-9.67892924638825	9.51752571275341	0.787505802952865	13.7801097965376	-0.069462623032337	-3.96994340619659	3.78269097650785	0.460526316038206	0.533299902388266	0.970255634996256	0.438058353077768	0.966299916124013
144	1.3017184624555	1.27447360004129	1.32325530456514	0.153921258638042	2.17537677374416	-4.09881586122329	4.16070527006906	0.376585951811725	5.2989287039402	0.0692093459122601	-3.4556042846672	3.87006180276368	0.474102493996443	0.597134314337501	0.972888461805088	0.652017630335825	0.973374223648772
150	-0.117883535089438	-0.234779336792172	-0.033862853321363	0.214894253757628	2.84775834194623	-6.58230190124874	6.99326666651665	0.413781589542441	9.58667885088709	0.0688074392451406	-4.62088227221167	4.82759500268114	0.458607456401337	0.578260138319132	0.971220410801406	0.442237378639317	0.965703945054016
122	1.2576277326091	1.32587652736929	1.21406310421005	-0.180743931093163	2.30044284717509	-5.20385822552083	4.09325015479397	0.351951621610084	5.86837621746326	-0.0686622386236493	-4.89430888361571	3.55329919807947	0.458881579206603	0.238815436083322	0.961644885844789	0.459603936999696	0.96965414289341
194	-0.28490509450809	-0.103744848628802	-0.42918993252061	-0.239240055993076	3.09509359156192	-6.38533803554668	6.76989074562017	0.49517607140969	9.02831016187024	-0.0683237344301314	-4.22932636027774	4.04375928409949	0.458755823773187	0.665143119398213	0.977348214830151	0.414508574136583	0.968148415047762
90	1.58258805254081	1.50018511141275	1.64051347099063	0.205760700945446	2.89308417434083	-5.19733043357513	6.14314490053307	0.455334647157292	7.12852839550017	0.0682894701667325	-3.7714536780033	4.41219666114146	0.459155702011869	0.48630036521755	0.968026278880745	0.438304582998328	0.967557826872883
188	-0.650191538965244	-0.76106651044645	-0.573301793386621	0.265411818531203	3.72727250068797	-7.13583129433849	8.31295697367723	0.526649036476205	10.7942270964584	0.0673531592653632	-3.76123944874381	5.14953197416031	0.460800438843474	0.436209551938285	0.966823088449719	0.488189133380363	0.968822782862919
214	-1.8804733331255	-1.63690552448598	-2.02924250795209	-0.317478236551756	4.28432534753743	-9.28799802214585	9.41275535097467	0.70144844110298	13.0788336767548	-0.067134746399765	-4.39732966047795	3.87316095288941	0.459703947622403	0.59328498388814	0.9748686470459	0.491382057297448	0.971534816084119
119	-1.05392845867546	-0.510925047472976	-1.46977264865473	-0.407141701576499	5.61159652631342	-10.8752768049802	10.9845728083671	0.916348518128489	14.8215196758748	-0.0670525607745735	-4.06158351010251	3.58413961867597	0.462993421285641	0.563105012706321	0.972427618009896	0.456469632518212	0.9675446722344
166	-0.547581644885766	-0.354748632687405	-0.695298917230909	-0.257536625487183	3.38614929643399	-6.98635215142869	7.51458184662004	0.613239629042994	9.97033424878426	-0.0665162630023368	-3.96357877705928	3.95207066338703	0.467927631780612	0.619667119857505	0.976159371089318	0.473961711366576	0.969139171475856
228	-1.378967178314	-1.19013599134247	-1.58475461903554	-0.290795899268056	3.59312978704775	-8.57552475851658	7.61511949991084	0.587053707997978	11.6739481951622	-0.0660656626088057	-4.68402828842335	4.15445957080565	0.458881579206603	0.496126168506557	0.968209695806059	0.430162371541603	0.966819629604277
4	5.33997191956548	5.24566664893986	5.47248128155486	0.190843161633742	2.80867703129483	-4.77262804093825	5.7061979405891	0.515950310705865	6.62281876218634	0.0659231378669397	-3.22870564007267	3.69206289571224	0.468201754585892	0.361531360412846	0.962133177272048	0.547219367043775	0.969131979093863
63	2.86167675380832	2.80350210695059	2.92994509701587	0.18093484441754	2.31212298154774	-4.24975465853151	4.6246808601425	0.383819883274987	5.53316825475788	0.0658581622423712	-3.40940608453064	4.17518534054641	0.467653508975333	0.4856036653217	0.967185878215289	0.535140683865594	0.968307515952697
233	-1.90368780376669	-2.11481538498991	-1.76826771937735	0.296642149045127	3.84789602288178	-8.01643865662256	8.39060420906402	0.654777193997093	12.4372432255799	0.0657148839968806	-3.84969662848481	4.25953181751517	0.466008772143664	0.555748765445048	0.971260508235643	0.501755843114977	0.971211321712208
164	0.190931088666773	0.272831583302725	0.107623405900708	-0.251013766642782	3.34886123173023	-7.63317023767643	6.36623945134585	0.519034950403443	10.347053761183	-0.0649777280771683	-4.52321423159073	3.61067312979262	0.460400109868474	0.450392834387572	0.966436436864144	0.456581123197121	0.968595005950921
129	-2.60922706344399	-2.80724027154707	-2.41680685087628	0.417284875327011	5.66762577809081	-10.3016399388683	12.1098464995834	1.01253579888523	15.6785405758957	0.0648737618287086	-3.38091132340366	4.15410280872827	0.470539874123084	0.477116617904693	0.969741068747913	0.50348877091782	0.970809625236699
201	-1.02630452861636	-1.18505929754338	-0.919275263004269	0.25851530330839	3.79483026643756	-7.85057352415025	8.03711373335798	0.556401704153119	11.5590754358518	0.0648249300768995	-4.17872978203075	4.45731170995632	0.462318443646331	0.624086580917541	0.973795559205877	0.52069998673624	0.970160150064497
160	-0.179709787688811	-0.301682759248589	-0.100018824765307	0.223995177549706	2.99416236341566	-5.53956519375354	6.3361816043711	0.501554030182769	8.16021947591669	0.0644399646664875	-3.66209668241563	4.00794600003797	0.466703206567223	0.494048443782849	0.969549866598398	0.504232964639137	0.969594377224665
81	1.39274723771524	1.40813307010623	1.37598019310582	-0.207142222779627	3.32082487901847	-6.17866614138302	5.55325114467173	0.423956254305036	6.98869780346522	-0.0642143260446299	-5.02777706700543	3.83877001187857	0.463688682059098	0.442475304458139	0.965222994428245	0.516984458167549	0.968870959583228
130	1.08566533021638	1.2482257295593	0.964544692776483	-0.177156339335538	2.6872312519161	-5.08861471237601	5.23285324782591	0.470632570906215	6.84024985217457	-0.0637178375570401	-3.60357000905322	3.62329456634592	0.470539874123084	0.783177969551408	0.983579998802305	0.569833060011245	0.97109127923477
34	3.16403237968076	3.11395329472794	3.19441126218643	0.171223893679352	2.23384853875167	-5.49943687596159	5.63461926136459	0.332205874254839	6.8402845201826	0.0631020357442869	-4.36805024849477	4.65627859492914	0.460674157551024	0.85743789834689	0.985433090106982	0.46089256325016	0.967919941074276
192	0.197696752512454	0.348783395937162	0.110941367265611	-0.178856788604038	2.41603146448195	-5.14423497235592	5.67210171648529	0.38339171726433	8.3457388228116	-0.0610626157717556	-4.48840751521825	4.07997134236641	0.465186403727835	0.740645107529505	0.981466901774664	0.511004832972965	0.969653426029044
291	-4.59491007866559	-4.38150789900754	-4.75413894092571	-0.350849727207465	4.63144672126667	-10.3312914623477	10.27790857943	0.798614096271132	14.2242983923963	-0.0608714622458062	-4.25061134950245	3.56884240487545	0.465881063519548	0.466902063709095	0.963349323330809	0.447970246060709	0.965589095441953
268	-3.68174904049395	-3.48256213079575	-3.81123440700819	-0.340876599835379	4.85973895287656	-10.2068163714874	9.77098823017827	0.885810676892824	13.7803469529925	-0.0606644139896753	-4.05863370071793	3.39178166968424	0.47026582644052	0.553199509948151	0.970752018023504	0.53285232470763	0.97008965652744
156	-2.90155631352741	-3.11313937111655	-2.74758398164441	0.361526932403778	5.46033051641697	-10.0356631372322	11.7944232034744	1.00697130239611	15.0820858019379	0.0597110017274074	-3.25343927199499	4.338873013488	0.467653508975333	0.541544453998783	0.970860774839713	0.584185575727047	0.97096638700309
240	-2.54820214581348	-2.8560010532592	-2.30431867662022	0.309318408538838	4.7048116337339	-9.52335649737014	9.71829416940969	0.819998845031305	13.8223849197083	0.0587593501350234	-3.76090215025229	4.03948468417087	0.470120614222862	0.620521971528901	0.97527993106414	0.568426257347648	0.971849484561663
267	-4.44023606636884	-4.27524819063611	-4.54469395972002	-0.316014421238067	4.8504670167985	-10.9869917820144	9.91692733840042	0.883153758201364	14.5905128511261	-0.058482119634763	-4.33161231139711	3.57118545093246	0.472732255583607	0.504595211922496	0.970023071122716	0.522719662553742	0.96882043836265
78	2.73043082464336	2.7788327297775	2.68459433569001	0.130382768162968	2.12980510779124	-3.97903940812021	4.29595049316114	0.373725587901884	4.91740887680234	0.05846834586537	-3.62213773983965	4.01664653497454	0.47478070191271	0.545574941390204	0.969709504642656	0.627225616053228	0.971883996387015
248	-2.43598973867324	-2.24049848677019	-2.58655647336501	-0.287802667020754	3.92922667013421	-9.97000556536454	8.26508372368995	0.600272204344519	12.997203805127	-0.0582783904682305	-4.88220410161964	3.7001082961241	0.464089912506735	0.410941780597384	0.963372452187615	0.467797146948766	0.968427877246914
225	-4.02032089849936	-4.22932515631722	-3.84343556052708	0.359624179174029	5.37716361515693	-11.8920361456131	10.6089286056278	1.00486298769768	15.4087942026516	0.0580026683300209	-4.01555814952973	3.73030328120665	0.468347492662583	0.575446851657841	0.972711497228977	0.561382860217031	0.973883604971689
17	4.55423526162252	4.4958121087342	4.63224137665821	0.14144156400082	2.36958138084554	-4.42396523885813	4.63042080993538	0.371768136863611	5.32959726858588	0.0576655815769456	-3.95336062483487	4.34372933803094	0.468347492662583	0.653216062248849	0.975734099173296	0.550924356910672	0.969544766613539
49	3.96949513197239	3.87107000236176	4.08457527930399	0.128356788827058	2.03618076749664	-3.49036306490267	3.76988577258592	0.381425194631292	4.52061182714171	0.0570087150872596	-2.95767021458198	3.68914973966543	0.47026582644052	0.517348937900336	0.967911983685722	0.596578006032441	0.970443385481889
120	2.20938757991733	2.19306762381493	2.22184537212094	0.13120655435241	2.19229768506524	-3.59291854042371	4.60758960519015	0.382340510460688	5.47268262352197	0.0562702129342644	-3.24895445997871	4.09368082965653	0.475054824717998	0.43016217254672	0.965764448502857	0.608932014421714	0.97168078935841
184	-0.417961301276139	-0.500582529412069	-0.345086734710017	0.223793001472079	3.29408819597573	-7.83571755757063	7.28901069568401	0.530887441343846	10.6193725365604	0.0555065224213329	-4.26894166714995	4.66946131581312	0.467251301932342	0.63583741217008	0.975332506533417	0.594762256792852	0.972193867425323
288	-4.24493055741973	-4.13546576572009	-4.32031303775442	-0.310013832811528	4.62274389996167	-10.8453180174994	9.33393622635705	0.827179308623544	14.2770040282499	-0.0552051299428747	-4.45281162713073	3.38252819533461	0.470120614222862	0.463634823029628	0.966790122452869	0.499996750381275	0.968412501871959
98	2.34489759918772	2.47277781600209	2.24939525710243	-0.106994431528641	1.8196593919764	-3.2204240667291	3.88433854474096	0.299093684959042	4.48250533858411	-0.0551511743652665	-3.84747286259085	4.15572498216214	0.474924637044148	0.843742751816325	0.985500792452479	0.540001100747661	0.970828305376827
158	-2.18184217227267	-2.03521626366686	-2.32161136126264	-0.297220579700455	4.81303247051913	-10.4845020287202	10.5043038577701	0.806516521962749	14.4564029902805	-0.0548874032872123	-4.13805287869549	3.80613358568224	0.469169635710269	0.635929543173558	0.97433112013385	0.628428844058526	0.973474822954171
159	-0.445062866206297	-0.292757228213834	-0.562619031500168	-0.216127606687464	3.39168944553588	-7.00144984036607	7.8876512626183	0.497657005847777	10.2450661236282	-0.0544821942749814	-4.52220187600628	4.60611431346841	0.472732255583607	0.798922627490001	0.982471526181715	0.507523721375637	0.967966465402672
152	-3.72713435364393	-3.83306491667651	-3.65916392112018	0.310307375491756	5.48189460680573	-9.87470993185532	11.0529301901096	0.918969935524625	14.3696050254961	0.0540249028539808	-3.29460983459929	4.16383517113847	0.469846491417579	0.485740650664921	0.970172647586924	0.549146043859106	0.970957803676975
115	1.54622097015321	1.47509736651106	1.59264012804839	0.126832116788762	2.23971976002734	-3.8563383574054	5.15241018502521	0.360509753917074	5.91396560845901	0.0539949989219286	-3.46988128602899	4.60490451551403	0.473554398631307	0.433152098508756	0.96612260309458	0.624883896561911	0.973672923825727
257	-2.88261110751673	-3.22203061312794	-2.64411970697672	0.282730433487616	4.6570376362389	-9.41446079160414	10.4363427785935	0.817022930027426	13.3811815954201	0.0538747447175122	-3.93018751241258	4.07956598296071	0.468895588027707	0.516980000656916	0.96931185100185	0.521062851499505	0.969519689290137
66	3.69182103576126	3.73712652726847	3.65964610792832	0.07521863480964	1.48342873903551	-2.52945046064021	2.88480292459674	0.283801866790831	3.38158656718287	0.0536861539061461	-3.1839535636854	3.56369847542578	0.478070175576185	0.510209081026497	0.966989583572907	0.674217851100896	0.97400569132215
154	0.329104729859226	0.214545503653186	0.38646353246481	0.162928044589157	2.56311715979278	-5.61704778524218	5.77516177565077	0.424618997599979	8.48849255522734	0.0535270969469951	-3.88914599543791	4.07399451224927	0.470120614222862	0.732930445078867	0.978583483358708	0.625294023568917	0.972932071355963
95	3.10014133287165	3.06635800585996	3.11431540288506	0.125272857359915	2.30750033910073	-3.97338796805359	4.27523570337321	0.400859715544543	5.15194891478504	0.0533795563998802	-3.21994622866369	3.68386631123645	0.475054824717998	0.512211068673603	0.967238071320698	0.693115498835661	0.973604688604992
101	0.397806132588177	0.514033283596275	0.269595780763183	-0.197540289838925	3.87084899361592	-7.11203696216126	7.79494435931347	0.440601829667221	10.1400051059983	-0.052907280356972	-4.89237994029382	5.09735399855557	0.469298245807016	0.78586590408218	0.982668145923011	0.614489684368733	0.972266961963451
25	4.60007612710235	4.47798179856665	4.66434121488825	0.107702042054388	1.78837879624526	-3.35793809621905	3.42592149057055	0.308836235471535	4.23413956584268	0.0527910811019478	-3.65688834035462	3.63273773344243	0.475472732409287	0.786129645324449	0.981898714097622	0.581427833918077	0.970185987668144
235	-4.21552449759917	-4.30614192851909	-4.14251767802084	0.330103316536445	5.5875703938252	-11.2589695573417	10.9743067145571	0.894752715201376	15.3121686538963	0.0522542608109676	-3.62963647502318	4.03462915950524	0.468621540345145	0.593234511555972	0.974151343523619	0.565404232886057	0.973856295475165
60	3.35030916208636	3.20175442791709	3.41926228005758	0.134447050909018	2.34625289270596	-4.07063118007456	4.56383938605844	0.40310398514777	5.3061445487837	0.0514438946508175	-3.36188653253325	3.61681365460687	0.475328947523287	0.698503602210594	0.977126672540022	0.748949651568786	0.977544927609612
227	-2.89373870649814	-3.2460846203504	-2.6365363340309	0.312523614219964	5.06279850434404	-9.84539865280858	11.4941824587637	0.825530113835152	14.8067599612622	0.0513905009938693	-3.53517976974726	4.49226115973332	0.474232456302135	0.517320093883819	0.970938191490495	0.635729060449224	0.97525575574535
136	1.07921166630417	1.14076206872973	1.04168536042541	-0.130084547512213	2.34716756021373	-5.47568110818515	4.35431492580905	0.40103222107634	6.73756520811462	-0.0504218870998188	-4.44932786685204	3.47889343083539	0.475328947523287	0.498230753499642	0.971771619833318	0.649385547298471	0.975183660322821
76	0.250695582446088	0.16267871146043	0.315583014334771	0.213734284011539	3.93045315848613	-7.49672290464158	8.1625946763546	0.559939404465493	10.7782085697356	0.0502658335989728	-4.14802332853264	4.85200214319862	0.472313596665132	0.540862602020676	0.971486716486976	0.593796774892456	0.971604771303852
165	0.0735052424913301	0.191766693790772	-0.00780857643753397	-0.154976763574536	2.81109250795307	-6.14982269929547	6.20603248248407	0.419377353551295	8.37038865340218	-0.0491931218884798	-4.27180046742266	4.61371317217656	0.473958333496849	0.777285253646864	0.981467589484692	0.644658489183211	0.974151491467899
20	5.3406783539577	5.33078852860126	5.34393467074671	0.0627423694647273	1.38703799378133	-2.33406425653713	2.6141195747618	0.23949177103299	2.99491192368825	0.0484144937707496	-3.34466554234132	3.76319757330538	0.481633772044988	0.539778309349206	0.968690189775446	0.662347215364313	0.973037169136227
124	1.44895240469165	1.32457615634362	1.55673301797007	0.132787081898144	2.20841944005886	-4.876088546918	4.63768728041561	0.379686508523022	6.40731634544003	0.0483792602097031	-4.14200957173039	4.01384772706698	0.473006303266173	0.79171720497142	0.981895811256334	0.702483588546955	0.976020139908
209	-0.287132704832111	-0.237151991597143	-0.312960200059621	-0.151736667578752	2.69080844903359	-5.78829315242773	4.73237031332646	0.509507349518782	7.44207324485895	-0.0476914441155114	-4.19685457291356	3.16102161948257	0.47876130460014	0.418723599042724	0.965492693210529	0.572403675116992	0.972502727246239
231	-3.49867843362919	-3.6103818826684	-3.40847958345841	0.261665120639172	4.62902137731559	-9.66457631641653	10.4105837813025	0.78965843666687	14.1768761035765	0.0466793318532042	-3.78703679816171	4.4369935690551	0.474506579107422	0.552519730911381	0.973225340423015	0.591774545605396	0.97401713317821
250	-2.43844494119038	-2.29651217768841	-2.54108636614388	-0.234480259104517	4.21528770965314	-9.70865862616299	8.99142154915409	0.700352759809458	13.0105897361471	-0.0465352515823039	-4.30467456247622	3.72689469709647	0.47478070191271	0.534884161178597	0.967684342407653	0.587025702895774	0.972966347476172
281	-4.69386060955183	-4.80833598693328	-4.6084250828511	0.250658209027035	4.64106817520275	-9.52218121522014	9.71460231069732	0.896697509429646	13.3987289736371	0.0461147710908627	-3.64507301338859	3.96285750595084	0.473958333496849	0.554278892500102	0.972969030607794	0.531132806849672	0.970073214265178
74	2.66688409834031	2.71714131359318	2.63195908273598	-0.103298096386933	1.88826229803021	-4.37107054621606	4.33777595380105	0.327299751095058	5.62432979671858	-0.0459924859397119	-3.90195109417196	4.00112266055596	0.473958333496849	0.705066084352434	0.980010666867368	0.62714136519578	0.972948059688165
38	2.89960781368494	2.7450258772455	2.99625262643216	0.129426605719341	2.67397550286785	-4.99422032062119	5.41116253835092	0.355043183927011	6.13901621803758	0.0459775121368871	-4.7478510981497	4.54161016201141	0.474232456302135	0.925474310293092	0.989561450686643	0.662297127919394	0.972611973068386
179	-0.520657080248426	-0.46060880924298	-0.56537188845609	-0.156259668950031	3.39272829529085	-7.12998730706525	6.14849517987183	0.439332632156739	9.0557755746075	-0.0458790765278812	-5.46627200298299	4.4918174549725	0.469024123001734	0.506211071706812	0.970373992385869	0.593248237140941	0.972636098413609
255	-3.03929306463666	-3.19500872376858	-2.90649656464568	0.247771612155955	4.573972217444	-9.560205170418	10.0475664705145	0.743363703824029	13.6449853614679	0.0458516110786501	-3.48451045632648	4.55806230253246	0.479309399965286	0.555925814414465	0.971763371017196	0.577076848077412	0.971475571367041
294	-5.24452053803532	-5.33471642110267	-5.17242389824687	0.227590298471587	4.30569203958678	-9.03965256060583	9.56482442543184	0.781681631197731	13.7768332818172	0.0446470836538915	-3.79094809632058	4.20231791296208	0.475877193133864	0.481587618228454	0.969920834699802	0.473831078081644	0.9658192577349
24	5.19994272508589	5.18856009237313	5.21495941342302	0.0789508175120597	1.59028666817559	-2.63939959586191	3.01492922428391	0.301900680101906	3.43762104600633	0.0445872606129366	-2.99004831265199	3.53590296979117	0.476425438744443	0.57523111835814	0.971617430751341	0.69075487170346	0.974542971109752
131	-0.762522124453932	-0.81178438869243	-0.709772309780359	0.20548281728672	3.98041285976961	-7.48963552878675	9.1522856760981	0.709934195614937	11.8030272867792	0.0443034342977296	-3.48756017466072	4.30581805284099	0.47739106618728	0.491092263576228	0.969149570125545	0.626808276122159	0.97323864367206
37	3.84132697875317	3.66407499041435	3.95686175838524	0.0963344997807773	2.33998491131723	-3.69300712128411	3.82290213320371	0.357178699863257	4.51704520181531	0.0415236637827107	-3.42909444087173	3.68370722650111	0.47876130460014	0.753671932481616	0.97951119635773	0.688141652071405	0.973926411469731
138	1.69426249451461	1.56927552185543	1.76644622164147	0.111608451431011	2.64477268837334	-4.45369541347416	4.59037801101512	0.45563363418141	5.63933160279442	0.0414528249793621	-3.35049999669788	3.4818691713865	0.479440789602643	0.726159626519517	0.978469179653308	0.740687476818992	0.976567920894607
157	-0.841816201184959	-0.73735956092392	-0.950949531184575	-0.191736515363012	3.80427024504389	-9.39057373385362	7.6695483143056	0.57674005168779	12.2170043811216	-0.0414011711305274	-5.22010581880232	3.84595284215711	0.473006303266173	0.375707603656275	0.965773059172968	0.479332918306058	0.968221381078376
181	-4.51317876589552	-4.3974439030832	-4.5944952510569	-0.247137313453933	5.62205760630601	-11.2082928531513	10.5233049616845	0.895373078774681	15.1029709669753	-0.04056578274689	-3.90274199119453	3.82535399325162	0.47739106618728	0.515555240814516	0.972324712830262	0.532601083044179	0.972686798457639
286	-4.285746085219	-4.39446158449603	-4.18672145392298	0.220974087169716	4.45856073710932	-9.30623507610717	9.77284073811051	0.808810643567639	13.3173582508222	0.0404750818122202	-3.58397581466305	4.05365654743398	0.482323924473603	0.511894911415536	0.970283621501161	0.522761870788715	0.969236392572884
11	4.19700655781054	4.04622723906969	4.37193623035272	0.116088239031571	2.77355925610786	-5.4738884343649	6.23716392308646	0.455490725305801	7.66677594420263	0.039380749639307	-3.85114706960478	4.36421280876548	0.479309399965286	0.790994440718216	0.982128253279876	0.680977071653047	0.974071645758924
229	-0.0729310195479762	-0.142042613616272	-0.00765808276436797	0.092338629058915	2.09262375844229	-4.60892721122191	5.3447114622161	0.325702076050954	7.39929736060411	0.0388811531834327	-4.3437056742752	4.50304093801625	0.476699561549732	0.711327220983315	0.977935421289861	0.651489046975181	0.974347828431927
200	-2.98096442494909	-2.88412877822077	-3.03493793599984	-0.198858559550218	4.41519189074858	-9.60684421352937	10.1719864964745	0.728551509851657	13.7458973866309	-0.0387449031594006	-4.17131594360108	4.17520934393462	0.479583447647859	0.604901834711855	0.974044126485017	0.612038571638527	0.973861640673536
279	-4.43379124540677	-4.5265238852805	-4.37074711898957	0.212278223445876	4.80019270676687	-9.52831858632146	10.847842545846	0.843228379269967	14.2545419423851	0.0376149793998433	-3.71466282880653	4.37554663503782	0.481907894850282	0.459319166601549	0.967678459090503	0.520948843944114	0.971288340243243
276	-4.64455189489412	-4.49596669513628	-4.75754808251337	-0.216887535755809	4.9905693377728	-10.5164804878348	10.7167561621717	0.879762407933422	14.8562937854982	-0.0369286190109225	-3.98094237312128	3.71550510141544	0.479440789602643	0.537734764473365	0.972269945378014	0.468622353105989	0.969576176856113
183	-0.86039014805999	-0.887837656861922	-0.835770975586194	-0.150015993674137	3.5590189145202	-8.51678197668689	6.78939313448759	0.577627736343648	11.0757447193934	-0.0368416825371535	-4.4642908022741	3.54440454855205	0.479440789602643	0.428842453917131	0.966299627883687	0.636170611414978	0.973422536495958
45	2.41907000269619	2.46338986126251	2.3622424355301	-0.124164879454632	3.8359936928272	-5.90702756244185	6.10495973988762	0.449542501682164	7.255261442068	-0.0362131143927536	-4.38973423515254	4.51891344385515	0.478344298381476	0.859577362758228	0.986835733502865	0.702323574195015	0.975014259137498
68	2.84252581486558	2.92745724682506	2.7879430400721	-0.0885110884875657	2.35888938672449	-4.31616995074179	4.37233915865778	0.409090663210793	5.30525071440655	-0.0358623222571226	-3.56228384290445	3.55640310262016	0.483420115203907	0.836974740876005	0.985709918973809	0.742320525787124	0.977953266126384
128	0.67643734062972	0.625571470034419	0.711451557208107	0.140133646612412	3.33405426607308	-6.01800089561031	7.02176639693796	0.540714890331178	9.37593523212444	0.0358387109845152	-3.38445941849725	4.24871807073153	0.48040559069558	0.55005063278477	0.970617167725982	0.681222102174052	0.974317826078845
217	-2.96080505783873	-2.77226504701128	-3.0709721060875	-0.206740112214162	5.05156957016247	-10.4488709581642	10.1605560292045	0.911750643485441	14.4016753836066	-0.0357970472262933	-3.89033739556435	3.72999139519306	0.481633772044988	0.651661498541357	0.975043181079395	0.656356070895227	0.973982365938801
296	-4.82754479179812	-4.96313182155516	-4.71082116491173	0.192765876113924	4.42101882765867	-10.3900057261389	9.44338118352242	0.774857644310531	13.7163953485064	0.035670784256131	-4.10333018753143	3.91808369664903	0.478070175576185	0.583894104275617	0.971060120666457	0.510419961333639	0.969881968394534
143	0.533206436932555	0.642630960472714	0.464484998771487	-0.109778781937123	2.90531627498909	-5.55346871246376	6.41336683000781	0.44338851277664	8.49469450371329	-0.0354526473137047	-4.17977826162365	3.9904750347794	0.482182017655577	0.78822216532717	0.983038033481392	0.645847382037979	0.973813385046142
258	-4.21557625176316	-4.16280116986064	-4.26010134738048	-0.190902301843021	4.62113532296431	-9.86265103027233	9.82069814166898	0.858974859127358	14.0958460551286	-0.0354500987386666	-3.74031085313201	3.56791698412861	0.482730263266166	0.537294639167724	0.972313621101884	0.552030356957921	0.972768151920707
121	1.1709667064602	1.19263075331091	1.15244481639722	0.100012535969435	2.51340941108316	-5.23594390851607	4.69235567021752	0.401649874059664	6.56327464565768	0.0350298607525847	-4.27008551206018	3.86473254602419	0.481227733743303	0.766577494762615	0.980889533188218	0.764093313757261	0.978599597486891
206	-4.65131779903968	-4.72981308895743	-4.584610911852	0.206211239631525	5.18515619312556	-10.1709760002712	10.613936451651	0.929607901541097	14.3283424880149	0.0349710399586159	-3.75111250770038	3.6296217896799	0.482872019838755	0.564246675756346	0.970186496390931	0.551821670326933	0.970708774123389
289	-4.22357555899615	-4.28794286819933	-4.1559351999639	0.195002070725343	4.44469186772534	-9.03907907044876	9.46692514035503	0.842326907608133	13.6132016404979	0.0348732366654625	-3.58626981240908	3.97604787835933	0.481501781425878	0.548145507757262	0.970121692073653	0.565940912725761	0.97131451081011
48	4.02981636183529	4.0345671163866	4.02530314966672	0.066337265327526	1.79736257515529	-3.10213008234123	3.52262509167242	0.311972574602552	4.19951657025037	0.034416757317984	-3.2985617057627	3.88421954512185	0.484100877292642	0.707842222306744	0.977419714858928	0.818603511639895	0.980874652988895
253	-3.98974203415161	-4.11538363773314	-3.88816117121844	0.205493892792562	5.04030385369095	-10.6943400537609	11.1411187019945	0.915715267131566	14.4840072985969	0.0342668662412467	-3.67854397185114	3.85094869151259	0.482597972156179	0.573260499413277	0.972727623853106	0.607347071260294	0.975934081018526
125	0.789210777109576	0.785884117002172	0.792229818128179	0.108079831521429	3.06011011977732	-5.31360802525083	6.12613641976862	0.445111259788267	7.42661602623993	0.0342496574018976	-3.66340594915434	4.298383795401	0.482049876791028	0.487522835438726	0.967614528034027	0.677517031714658	0.974743469214632
185	0.437314223547608	0.382407366289043	0.485545752559483	0.0982173843976577	2.51929681272313	-4.83190679927808	4.94288227455525	0.472115587431976	7.18516749657058	0.0341831340302768	-3.80587078822156	3.72621782391171	0.482456140460871	0.797186732450802	0.982865829962628	0.761893255547178	0.979491478117699
283	-4.0445884126106	-4.02433331748377	-4.05790341539706	-0.210948488285796	4.71408452270647	-10.6034274987014	9.59038085075544	0.826471480568803	14.3292338652401	-0.0340569789452847	-4.13687655457847	3.90531124608215	0.483278508876756	0.514114627670014	0.971131772436125	0.546131677062317	0.972332284076417
133	0.681376664392887	0.62309328093345	0.743112161263825	0.094809750587844	2.57701454264953	-5.32283103939338	5.26029442946884	0.389202699600861	6.64057782116575	0.0320202032668621	-4.125796353509	4.38733033518232	0.483420115203907	0.77433872692181	0.981479504042972	0.716898578247198	0.975929587994383
244	-1.71215091609989	-1.55399362410013	-1.79053985267303	-0.15502805550063	4.59494870813039	-9.16750645236062	10.2587244078826	0.717634152788214	13.8440670755774	-0.0318054400584336	-3.7889187288246	4.0868784293023	0.485338448981946	0.702488301501227	0.977999987581866	0.717641308658	0.977862233811845
43	2.01531640104378	2.0089591925819	2.01887877863992	-0.13436798521294	3.48703285948795	-7.70137393191977	6.21400401983802	0.597144477753745	9.85597099026004	-0.0312588805506567	-4.09866581711066	3.49836025928442	0.484100877292642	0.539720068833967	0.971354891118492	0.701454239174156	0.977244393480971
110	1.71748107097639	1.59586933023017	1.85206091553773	0.0851865047251623	2.49675338296847	-4.70822142856106	4.4696018021853	0.433888288122223	5.73509574544037	0.0310133894395262	-3.70726944459806	3.66608797622622	0.486160592029679	0.879855755571086	0.986581532642134	0.739214555178661	0.978994368943925
293	-4.25531974789395	-4.2661664266835	-4.24818492605312	-0.162266048487435	4.715306914417	-9.72666038043775	10.0011718295275	0.867244274230642	13.7002617089534	-0.0309721783812636	-3.77759756634366	3.55946528213127	0.483146067521331	0.566359920498418	0.96908698006025	0.581478862410797	0.969020745066079
292	-4.96542964608172	-4.91873610802434	-5.01572736450279	-0.173720651395274	4.40474104769863	-10.7524950505459	9.0257646591763	0.731137939187755	14.6343194606861	-0.0309653490201248	-4.49945302339987	3.8887541414932	0.482456140460871	0.450523235766009	0.966824773948418	0.522738506131002	0.970210532687003
77	1.51183405217455	1.45686020367466	1.56917550799197	0.129458178036979	3.73117332446435	-7.79142853051495	8.88060343966767	0.556579821750534	11.8370394590772	0.0302113722413794	-3.97403955527117	5.45870641669793	0.480679638378154	0.510579588920904	0.969850165911687	0.64438749068095	0.973258913241775
271	-4.76460675715855	-4.85539259094587	-4.68174068454973	0.161285974676874	4.59236409503793	-9.24427383856523	9.89659711340713	0.810672650165632	13.9855756512533	0.0297355798368372	-3.67356766589557	3.95770054088803	0.485064401299368	0.530771622825775	0.970196225343883	0.525770236683028	0.970981825664331
19	4.19429184078072	4.23399836552246	4.16632791163976	0.084260782551365	2.60245433132146	-4.70214153809938	5.30820347276768	0.410413797155501	5.91203189116066	0.0289627712516499	-3.706540124147	4.10934162491796	0.484375000097939	0.78610932485381	0.981937868201304	0.787280565797601	0.979566935844463
113	0.825634451121911	0.818147337132044	0.833219341335502	0.105562487866886	3.23248741153678	-6.85434761301798	7.78313351030532	0.506839318052184	10.770644836515	0.028438234280049	-4.24978395527629	4.25136920426471	0.483146067521331	0.645869704550826	0.973886849813131	0.739250643397529	0.97770755745596
55	2.26748159665274	2.35446243907463	2.19907843680942	-0.0880875465254274	2.6760652333208	-5.33267575560861	5.59931424037983	0.445401957816694	6.9784283897292	-0.0277886869462424	-3.95338459671149	3.91043283871757	0.484516305934214	0.901589751804132	0.988181913947218	0.756322232924217	0.978970770724418
299	-4.96412633566653	-5.06069809489965	-4.88462147836207	0.157393134679979	4.32485861664926	-9.20375321644602	9.59375102188078	0.773502174596307	13.4476880496829	0.027660449853558	-3.69022030742474	3.75229415419634	0.482597972156179	0.50256260770366	0.971149208075529	0.501898955486002	0.967043598513587
170	0.554967938410208	0.654300100054313	0.488118658174248	-0.0670761874604757	2.50765182921715	-4.74732807122317	4.83987094734055	0.447572644053538	6.53972782904913	-0.0275478870276273	-3.80396568782708	3.37499018032605	0.488486842177396	0.773852152856108	0.981100513237765	0.783221712933369	0.979766162059694
118	1.27986142603105	1.25083762248731	1.29936336175502	-0.0841376143144545	2.46477891324341	-5.5949992510867	4.67375572921425	0.456003453208271	6.73453575965907	-0.0267971029140157	-3.92318411239776	3.62172215599616	0.485612496664523	0.567285039358215	0.971071229089146	0.753372870462141	0.978846949496996
282	-4.2553209932928	-4.32622974748214	-4.20737132459129	0.131525395443078	4.61439277405416	-9.48711245962497	10.2887781836133	0.804787232317013	13.8196394009682	0.0256472591982612	-3.71209136104887	3.79998854006971	0.488760964982694	0.602016207874156	0.975304644040185	0.602241320988651	0.97417992714424
275	-4.06274680208124	-4.1767821857119	-3.96308206859338	0.120813799351968	4.63914416002679	-9.69422352347553	10.1275907733783	0.809426784843442	13.6900051627487	0.0251567520441477	-3.80233023122431	3.74343717831338	0.487256782759992	0.596771854446841	0.97487168061548	0.590917030785669	0.974476313856218
208	-1.19275419527069	-1.33491101219361	-1.05276285821864	0.0976861968336467	3.72243698122154	-8.19372597827917	8.5043051898523	0.640997466053691	11.911418497096	0.025121495514055	-4.20528986530722	4.2257136117637	0.486982735077413	0.680181398644707	0.977498198405317	0.692340148061507	0.975553932917857
162	0.000415533847143656	0.0186760028584168	-0.0110045047298462	-0.0715590825274308	2.91441426364609	-5.14166611209097	6.07711453971357	0.465437028166628	7.32101792057571	-0.0249479431171946	-3.87450756533329	4.47858026571777	0.488901068855466	0.783149664673593	0.981709869194352	0.754831377531973	0.978862551991979
161	0.384988956147379	0.411341345599585	0.369106213092344	-0.0760316170191793	2.53489938351921	-6.58075008920159	5.27021724186491	0.459618137724129	8.72021160735834	-0.0244473479712955	-4.44430838462844	3.68871293595685	0.486434639712257	0.493934273249864	0.969548060018755	0.756301986856954	0.978339286396874
191	-1.09424655822363	-0.864882256145515	-1.23304907710321	-0.113265294334473	4.30206115101656	-8.94323047088524	9.14397135991817	0.720285975925698	12.4093214119472	-0.0240717617190197	-4.18261463807637	4.18515777646169	0.487664473761502	0.702864568311825	0.97714227807653	0.720911674965755	0.977346643700354
83	2.55240490835823	2.57783720472896	2.53969465193327	-0.0572453568672682	2.21420565249892	-4.1393964360389	3.70466586467108	0.389131116999384	4.88072897756552	-0.0235644003972608	-3.81566018198847	3.24605056805566	0.488627021172886	0.739839414986123	0.981055882447847	0.834312675169418	0.983424751974676
297	-4.40282352286109	-4.3346416010815	-4.44612253297282	-0.115527230439503	4.43481637955864	-10.5225711824281	9.05832026204241	0.778810980876936	14.028728014415	-0.0228421530277021	-4.06145753164037	4.01155470029095	0.489723211903205	0.557655743657174	0.974009728720011	0.577287581518609	0.970351095291982
224	-2.11637186225417	-2.24539186904919	-2.02246383600715	0.105602721498244	4.35396992547948	-9.24157459380568	9.00522644787675	0.725111548648663	13.3015407283702	0.0227857684135319	-3.9966496448285	3.92321433626879	0.4879385965668	0.665365817834949	0.976500618730639	0.716095578566358	0.976702626337979
145	-1.22862336072515	-1.22285408295846	-1.23748595183815	0.130614369403506	4.89510893531866	-10.6792021705008	10.3701001421051	0.836540632667247	14.1996964386255	0.0222550494710634	-4.17658927243422	4.01217137272177	0.485338448981946	0.720793018672385	0.977668146314237	0.740778254157141	0.979936968536711
211	-3.77926376573639	-3.88636532562545	-3.68993144590171	0.156289715340262	5.67863708668551	-11.5204460659998	11.5276040222764	1.04190272851092	15.5354645954351	0.0221640499519876	-3.85026405645904	3.45769733533959	0.486708687394835	0.618138507566582	0.974500174547719	0.636231555454825	0.974683782720666
210	-0.554343198631765	-0.536893082644584	-0.571950058925262	-0.0775303996146279	2.63512668331249	-5.70101642735227	6.44502510439052	0.440460864648242	8.97425935091732	-0.0220936332166007	-4.15079848812557	4.22825583371089	0.487664473761502	0.7390779376981	0.980696102855555	0.720045694369248	0.977437869728938
105	0.654765521628708	0.751049969205971	0.562530585086864	-0.0802176883409258	3.30629389773822	-6.90887564263823	6.91902707392569	0.502899141016041	9.27538452649132	-0.0217071414939607	-4.40108164376153	4.5981801150928	0.487664473761502	0.804853491263312	0.98372058242679	0.730481586288794	0.978297217716688
236	-3.34886405173273	-3.20074681342723	-3.45828131478623	-0.11502486634386	4.96769979882258	-10.8656933152746	10.1828553580359	0.862959186543652	14.6141194667245	-0.0209470169969151	-4.17836740669854	4.08950115710326	0.491228070230385	0.613760384908289	0.974429658081455	0.662103957189163	0.974244998416575
262	-3.58760786410914	-3.68842668625125	-3.52686855794369	0.106556256679285	4.67016868673165	-9.39923116297854	9.86470855770557	0.844766965453135	13.2682779731087	0.0207250300989613	-4.18747150654567	4.12329386220018	0.489035087787993	0.548868570315674	0.971357200423173	0.586848890492644	0.972716602417161
193	0.240815954934427	0.179230548211309	0.324728940625591	0.0623380771257516	2.46080639653781	-4.78088688657785	5.19568749317864	0.412840226128365	6.92172152301601	0.0205745516507391	-3.66144692592747	3.82050191039362	0.488078925807728	0.719779266294131	0.978518479427101	0.74218066646175	0.978374895818688
86	2.68940327162381	2.6860780790716	2.69493699478648	0.070497551981795	3.2118869094398	-5.46671327609343	6.91233380363343	0.513097655492976	8.19347799590622	0.0200341384374857	-3.38036932210033	4.2941101339172	0.490271307268364	0.579522079493037	0.971838034981853	0.870468517656681	0.98566310698935
189	-1.4544461454225	-1.49562707541597	-1.4254999026455	-0.0954984047504395	4.34252274924692	-9.00492498318997	8.68339071808313	0.723917849496901	12.694283052017	-0.0199317495718326	-4.08900918009152	3.65963309176707	0.488078925807728	0.703027471986191	0.97870357333996	0.751768178851843	0.979031891278103
97	2.19492398748454	2.17124852588696	2.22731233592853	0.047430471868398	2.2221583322063	-3.85127739330124	3.99022008284372	0.358047843783036	4.83394964675009	0.0193487588720308	-3.6316651539506	3.82703123905761	0.490953947425085	0.774147078608694	0.981106912916069	0.815698831615713	0.981138776255433
168	-0.574194571364802	-0.825095894475819	-0.441366705693535	0.0894068563425572	3.90083632267573	-9.07134354055735	7.5457310005168	0.628705177757696	11.9274425228715	0.0192644375408461	-4.75382851085281	3.81459903953947	0.488212719372098	0.579367865143703	0.972737696657458	0.759667933547198	0.979364455770437
62	2.69240873921966	2.59134496218605	2.76603780809102	0.0494184822798998	2.66333989685186	-5.21016498664471	5.64820875358465	0.441953724595651	6.91703925948161	0.01826525083644	-3.62949817205654	4.22178122025061	0.490679824619786	0.768105961120266	0.981047380805511	0.897857281859641	0.986700531278885
169	-4.48578363129885	-4.51642069484581	-4.46573432293815	0.113369197820844	5.32665937144713	-10.3727737564925	11.9855071749876	0.896089823601269	15.5455918971967	0.0180112373625898	-3.58048204537497	4.23641171997338	0.489449164220625	0.549201934566329	0.973191479885504	0.578575308217194	0.973171356619776
75	2.53559450631951	2.56560540311593	2.51578616850275	-0.043883719427849	2.19737648217806	-3.94144707440438	4.3050454292076	0.335683014320119	5.04535251174858	-0.0179958789101753	-4.0706943314932	3.85991347610656	0.488352973490307	0.891402408440972	0.988096407222991	0.792299627675796	0.982439536844792
109	2.24774550867866	2.1344868494372	2.33506070165506	0.0405922482309666	2.26969357911622	-4.23365363786379	4.06644945459291	0.427562300086842	5.54978195594292	0.0177086972032313	-3.33495497961492	3.47458078561129	0.492189641046427	0.880371126183295	0.98731596054381	0.849314094854743	0.983994896058299
82	1.42946214064034	1.49685808910972	1.39048911823244	-0.0590783027250685	2.78130094188791	-6.32709702322363	7.21785743470628	0.324146499189749	8.94478135483681	-0.0174901836276622	-5.89177722320744	6.210243772559	0.4879385965668	0.849523366460523	0.984958823075549	0.740689638344762	0.977601878425727
232	-0.655499512324427	-0.628791223792085	-0.687496443725419	-0.041159443255177	2.10915326564882	-4.41375714353837	4.62909667470242	0.361680628958308	7.41808049523383	-0.0172540159485107	-4.11173403186728	3.71760015097988	0.491915593363846	0.725214614145246	0.978249656384445	0.729688025016635	0.976803384192084
270	-4.07199620630122	-4.01402485790766	-4.11904375648113	-0.0872536431986033	4.64496596970006	-10.0066243432171	10.2455763162969	0.803467027619037	13.9948675482722	-0.0166471985267764	-3.72718777211561	4.00339006725943	0.491776315840984	0.581823021585171	0.97372039172254	0.58278210292293	0.972284073103791
103	1.12617070720299	1.19994118135445	1.06826011004885	-0.0630384866476916	2.84859236990129	-5.09231099746977	6.36233259760738	0.519760807237091	7.89405663890988	-0.0166297575970167	-3.52789355580561	3.75247961428095	0.492598684256883	0.795797262860601	0.982857900570389	0.81197296116937	0.981385994336489
14	4.70195334127295	4.47820714761947	4.83859012189566	0.0355453917814139	2.0614827127582	-3.80010846004947	3.56753084673441	0.352211204612216	4.48282870888146	0.0166217396707383	-3.65023764442607	3.28551080935633	0.492737736411588	0.924173504177527	0.989733433216381	0.873397957892385	0.984792938414953
249	-2.69293060970223	-2.69181505799355	-2.69331546010602	-0.0857131531173962	4.25473228669345	-9.36405165532006	9.69226532927899	0.745734308296877	13.5900201014254	-0.0163935116250405	-3.8125222181742	4.12158211593698	0.490405701814487	0.592897869263673	0.972628486674137	0.636237355673296	0.974927456721975
163	-0.075405741619277	-0.0874397181562943	-0.0671165595522831	0.0680095249556061	3.69252941215321	-8.15943439845916	8.39217431673756	0.570548951064131	12.1919810791532	0.0156424963684957	-4.21763918792394	4.63256466231885	0.488352973490307	0.732294153745473	0.97879731186964	0.753578259397125	0.980174757561351
8	5.44793737024047	5.56783947604711	5.35628097922256	-0.028879524604005	1.9358947237167	-3.29064387877878	3.61355092667734	0.29214503714052	4.08579512478967	-0.0151412503396807	-4.05873391771652	3.89090972448744	0.491502193035684	0.931307537724486	0.990121111997275	0.848117700827621	0.983675710809924
73	3.23254229024685	3.24372577575253	3.22772829991785	-0.0373997204031151	2.1469800859324	-4.35236202485647	3.80805605904012	0.370221742330099	5.13521820240746	-0.0149473063266232	-4.1055230392567	3.20293453730106	0.492463688729008	0.559583759928345	0.972241409942519	0.77233902044139	0.979278419285496
35	4.40752494295824	4.4750103045214	4.36522964356488	-0.0238177733714107	1.51455077779176	-2.62028258220453	3.06562907895611	0.301039728095088	3.57712740888931	-0.0147646401526904	-3.25774170246845	3.85119845102701	0.494656070189656	0.837940787728452	0.984334377378537	0.821178496913926	0.982147135086555
246	-3.71130600172998	-3.70956738598543	-3.71235838852055	-0.0827335374290001	5.00574432580235	-10.750398025721	10.3966627456354	0.882151364281873	14.7907212992023	-0.014463804260451	-4.09914427259003	3.81271162336303	0.491093450316104	0.623332782567791	0.973320139508174	0.649997527530569	0.975581608727575
147	-0.778250965785588	-0.894050372999057	-0.681489765823942	-0.0626560688253743	4.00631140204173	-7.98842261721036	8.57256786720754	0.576737147484335	11.7387552657771	-0.0141505570519535	-4.46923687127347	4.21266600206513	0.492189641046427	0.746504797359445	0.979869973932992	0.769865720894345	0.980527090718648
298	-5.04608421663588	-4.9587788315922	-5.10817228272078	-0.0644300009826022	4.54222989472617	-9.64977540919468	10.599597394415	0.785980363517784	14.3054025950833	-0.0138091604274555	-3.87517733221795	4.03759548365306	0.493559879459331	0.560465575608711	0.972858796912777	0.559410572362628	0.970891496043049
234	-2.41699549536488	-2.46063247466147	-2.39261536858976	-0.0712524527348322	4.5621289955065	-10.2739025342669	8.53260683408706	0.717048699822221	13.1185095589465	-0.0138043698912339	-4.49044811347177	3.90680618075289	0.492324561451584	0.555144071776831	0.972835044356876	0.652725788495641	0.97415866882231
190	0.0681159347687927	0.139891779147852	0.0139689171237833	-0.0428504681526478	3.10212277803792	-7.36182181989877	5.73303588211986	0.55870402078409	9.1511989172506	-0.0134728000110329	-4.22679403607997	3.57691957628406	0.494656070189656	0.627747522248891	0.975494311068509	0.803946366510866	0.981660874624893
104	1.88582830444066	2.01112423116479	1.81171733631442	-0.0358882984157249	2.40944818609953	-3.97308592920938	4.62528828885975	0.425548633473882	5.3655094740019	-0.0131311552177596	-3.63068537473319	3.53512272399572	0.492872807062183	0.865003768105944	0.986276172907117	0.8420513430597	0.984246283700514
182	-2.15241527821089	-2.25452841023343	-2.0779008266927	-0.0726229657361328	5.12245667285432	-11.1799876740863	10.9907590138136	0.90516048500035	15.1091376592379	-0.0128583159373356	-4.08024580803722	3.91027295075697	0.49328583177675	0.657949364733551	0.977605556142914	0.761108664113178	0.978347499730641
277	-4.10081529175572	-4.11100910728886	-4.09460859816732	-0.0670735635317623	4.71385707499531	-10.878225330985	9.67423867359369	0.781603882290695	14.2140819073377	-0.0121508444336172	-4.08604630913945	4.15098968819857	0.492598684256883	0.57955791600547	0.973679522764918	0.633517127198843	0.973611851011283
274	-4.70631982388252	-4.67356887698009	-4.73859393564934	-0.0601681030289658	4.76657646812294	-9.93728227609617	10.7332029531479	0.885931101324179	14.358668189824	-0.0116300087885663	-3.8690777405152	3.84374820349338	0.495614035115186	0.564810030229791	0.973714370523856	0.582124531808236	0.974695957307741
278	-4.48727931251455	-4.49407644061511	-4.48141034818459	0.0692446903043296	4.65542656606742	-9.69554674978646	9.73529773147431	0.812087744637939	13.735345829434	0.0116063222824277	-3.8608488822729	3.90940341744979	0.494517543893984	0.558102527336487	0.972817533482442	0.606129851053229	0.974759044169701
148	1.02428612481142	1.04088738603626	1.00519950019579	0.026784623181773	2.14792647433409	-3.88678766472749	4.76469732842117	0.40142143652386	6.29220478749021	0.0113409258206507	-3.35890830107004	4.108878727401	0.496026308602564	0.662999468019999	0.974162673170785	0.831232536123677	0.98255686832005
40	4.0026495369132	4.05584423346013	3.97345457259034	-0.0237381693914953	1.93886232554766	-4.1569503309922	3.92801277276047	0.322368555577075	5.13842641859501	-0.0100100250407598	-4.21874974708515	3.82298033688104	0.493559879459331	0.776033590216597	0.982340375439821	0.865279983281753	0.985323091932353
264	-3.49101054159284	-3.55067958227367	-3.44160832523792	0.0538270650719666	4.51568476247745	-9.75638064311618	10.0519539546634	0.799946017593409	13.6287860811665	0.00992797059960879	-4.04288742454681	4.19364764441592	0.494930117872237	0.57668241711691	0.970420943128046	0.611644253668663	0.972741355229044
180	-1.32059194794313	-1.2688068960613	-1.35119837875262	0.0466200708516133	4.29342934017018	-9.18269196302903	9.60257478989062	0.584766905195136	13.2479143664637	0.00948749089825058	-4.80888953564791	4.88052927758347	0.494791666699284	0.691608455417264	0.977081174036053	0.739107375012094	0.978799735078083
140	0.163069030335804	0.194587542250782	0.135587341442827	0.036736730498772	4.01111866114021	-8.32631921267681	8.46423609988199	0.530503785609506	11.9697492678505	0.00901428490690317	-4.65995547855198	4.98052752153214	0.494243421088684	0.689104585207851	0.977199252247663	0.812337864954395	0.981456786898041
108	1.88645266314243	1.91699036990253	1.86302068185888	0.0170098013532627	1.99197428941555	-3.5717290855663	3.88430342855894	0.312757898503385	4.64394315638598	0.00839824953169385	-3.67587092243578	4.35637101794342	0.496436403531088	0.848382273048879	0.985638534075434	0.821993889752891	0.982270475351312
96	1.90653050076656	1.93909842637088	1.86718871219108	-0.0244130341046755	2.63147408373048	-4.74857124806931	5.12138486141203	0.379944584428567	5.95533919245292	-0.00821577505613037	-3.97797770464557	4.28300108927931	0.495888157920487	0.774219533403573	0.981885349691507	0.806464455479593	0.981692539271069
198	-1.66508995616684	-1.72627473816922	-1.63476707674984	-0.0372369011891873	4.49083332788147	-9.68819499321041	10.009304227012	0.65720741505749	13.7801561686614	-0.00806122853258644	-4.6245058180647	4.70617793630638	0.494791666699284	0.673318330195928	0.977926295709965	0.721456511699987	0.978493234531582
219	-4.87335955212879	-4.86876043263539	-4.8804678838251	-0.0545799118328771	4.696927605288	-9.69964365792301	9.58620523984067	0.812938999733273	13.8103612658542	-0.00801189579108411	-3.95927815403734	3.82174409663307	0.494656070189656	0.513936269650212	0.971048478142825	0.540089834686391	0.970915478003312
242	-1.98069572564208	-1.96060090089915	-2.00187743104606	-0.0277436595402909	4.1211769826201	-9.23600530998427	9.12465869626489	0.686954792985084	12.9887036530614	-0.00686494289216111	-4.25659229963083	3.98646830496349	0.495752260919982	0.728855464106707	0.978924724090834	0.72959381072105	0.978447904566963
127	0.70433519634117	0.767211012143777	0.638878303826897	0.0218458691431271	2.71244793080708	-4.78974903821929	5.83075249007277	0.434960072314875	7.0559876911465	0.00683099152239251	-3.555270230164	4.74156943760535	0.496848451650308	0.476806928397113	0.967775342375595	0.806861837239992	0.98238985157378
287	-4.72054919512845	-4.75059491955122	-4.69093549372765	0.033107564117338	4.76756426390903	-9.97435765949957	10.6829215261846	0.873434222688223	14.1858254251384	0.0061574618437637	-3.80481031991441	3.96243774613135	0.497670594698054	0.540529181920468	0.96679707654909	0.570442762911393	0.971582719337629
21	3.18522227144651	3.20134566955729	3.16380993201408	0.0251663995134921	2.89306144160004	-6.66974868802518	8.07891788617377	0.405046620077837	10.0601225357977	0.0056787144147962	-4.61313066646318	6.6026880990149	0.496436403531088	0.354362936835047	0.962589400942238	0.904405045321176	0.986549678446731
134	0.375931244168581	0.405781379360795	0.355889036668208	0.0134428399014883	2.50257875672419	-5.78187392291289	5.36484537856278	0.332629589432893	6.96649502978356	0.00546971696411057	-5.15540322187954	5.05600632199773	0.497532894752291	0.806894330345262	0.984246501105419	0.71956767814706	0.978570291837856
237	-2.73951614802955	-2.73697526401372	-2.7410578245824	-0.0278493528603754	4.46716095322641	-9.7150026298284	9.83848557820416	0.758541916865295	13.9092700147463	-0.00542781297893049	-4.04378555704629	4.2506418800265	0.49712249933289	0.66778068723491	0.977452255740201	0.682937696347994	0.977222003261139
205	-1.74053825910216	-1.79902847299862	-1.7001307718994	0.0131728429912181	3.89000898816272	-7.87998861683766	8.22364534318037	0.564454365598085	11.3226501789554	0.00344396566735153	-4.50901843829106	4.19482559157594	0.498766785428382	0.688096747425313	0.977740851343697	0.693495010043823	0.977140869130726
204	-2.25461727499921	-2.26285494452103	-2.23999005810469	0.0218813859795821	4.64921722361359	-10.5213494562846	9.20447711892472	0.780665551513605	13.7879389274505	0.00326944694238108	-4.17732833465284	3.58122084446822	0.498355263168194	0.631992411006706	0.974701491405823	0.721484752101573	0.976178382496179
54	3.81634169345605	3.62542667710796	3.9602593935923	-0.0052222980611174	2.45673300249525	-4.03334915206029	3.66480099838947	0.383106728654756	4.91720709288816	-0.00308184680992393	-3.66991794266707	3.7144449466479	0.499040833110964	0.907788644798765	0.988327013906652	0.896817066546897	0.986758215408043
273	-4.46594563562077	-4.51438251644159	-4.42242611149035	-0.0121036477602319	4.61877646694978	-9.94680700685242	9.70463078092803	0.876029242839599	13.7431632633999	-0.00275593331099517	-3.62609978038883	3.87243397970166	0.498218690063217	0.551133726760342	0.973792247243532	0.575138898202133	0.973112048119065
111	1.41227540520049	1.40581267663441	1.41639873281713	0.00595261498307931	2.43750360361116	-6.06779953289576	4.78289399165534	0.415481811607098	7.38894521068062	0.00262274008868195	-4.28190221526131	4.0755485548119	0.49725877194699	0.782000204146146	0.982112255626301	0.826296371525021	0.982831423809093
149	0.889954888513728	0.835180660173394	0.9246512053422	-0.00831210094718138	2.89951459637278	-5.22594014725448	6.12943182302185	0.496908897170194	8.02414456571863	-0.00235028070809836	-3.41390240732284	3.84643251098602	0.4984927377458	0.791756051585432	0.981226364136778	0.846804441353184	0.984451183371069
31	4.30037731691182	4.34500652113574	4.25276272998541	-0.00326543154975312	2.10569215262813	-4.09059257601293	3.72566220080407	0.402679000339315	4.86298426267043	-0.00180918555546312	-3.38214643062482	3.26028143103764	0.499725877194699	0.874049895622404	0.987042784253596	0.926212369217963	0.989616014167124
280	-4.80132970881489	-4.83457764146337	-4.78188973755932	-0.00754645606272941	4.56348844321862	-10.7112900770653	10.3569011817633	0.828097342251598	14.4489289894179	-0.00150691444611531	-4.22585114119154	3.88932169201867	0.499040833110964	0.53763462817755	0.972008966222694	0.536603767978292	0.97174812981183
221	-2.54289089289859	-2.42459550153595	-2.65622712981714	0.0062462069803626	5.28205061609888	-10.7264277798216	11.5493258912222	0.868736606769594	14.9906451800692	0.00147364980867265	-3.91929238242298	4.12919551363952	0.499314880793546	0.610107685524843	0.972909377264574	0.712454421691018	0.977416102528055
22	5.08458891052976	4.9978233873813	5.14474656541914	-0.00440658955797923	1.86986662958842	-3.53304246840408	3.15519950112186	0.331096254391188	4.32771740020665	-0.00146633481250065	-3.54215428582937	3.16634966510398	0.499314880793546	0.869561314250984	0.986883584110947	0.903701515051004	0.987021120473393
215	-2.81890120090596	-2.83352369828854	-2.80844771738688	0.00982865346568573	4.9959154943572	-10.3449204589585	10.6897459670178	0.833962977962048	14.2077311325931	0.0011188549383938	-3.71645180563752	4.34239433780009	0.499588928476127	0.632978404899838	0.975080869285819	0.696649562239708	0.976896638475323
51	1.60418205592727	1.60793254483999	1.60163816369912	-0.00294952560168404	4.55643951050282	-8.28638217427711	9.60524994690953	0.68623174892041	12.194886380624	-0.000936256513374345	-3.72120223566281	4.31024351284153	0.499588928476127	0.598112308646488	0.974202814626065	0.900548348655741	0.986594177946208
247	-1.84673693901293	-1.77858794921189	-1.9055380370012	0.00268785577230624	3.69428795335162	-8.12233333829667	8.1699396696551	0.576318414438375	12.1417934242698	0.000848145854841619	-4.24740069483477	4.12872061562739	0.499588928476127	0.631451958389763	0.974953492347519	0.685211071779883	0.976476992948518
26	3.38475438280769	3.38808763720949	3.38085399658772	-0.00210067681281334	2.90017866453315	-4.98377603431159	5.59121759440744	0.275857448062931	7.23626839264431	-0.000776917318432693	-5.63088265073997	5.6532762534309	0.499314880793546	0.69966009353346	0.977935661198929	0.862111243705903	0.984442426320408
153	0.233956304638136	0.215145423033225	0.245457238712482	-0.000851404923520427	2.83653659195365	-6.5844199571106	6.43091053533832	0.427226459393844	9.11435246295665	-0.000351413117136431	-4.85110445830091	4.39008152103607	0.499725877194699	0.769050713050017	0.982843311034688	0.781009781307214	0.98035173757758
272	-4.83671364049765	-4.86882319826718	-4.81877378174173	0.000842947313599574	4.7069173690925	-10.8036808473084	9.73849297580534	0.87335761682772	14.6657625181276	0.000133266268835133	-4.06337097056939	3.4901095699035	0.5	0.53660371587708	0.971912971831243	0.573487098851948	0.971880543617224
