rab.all	rab.win.Explained	rab.win.Unexplained	diff.btw	diff.win	diff.btw.025	diff.btw.975	diff.win.025	diff.win.975	effect	effect.025	effect.975	overlap	we.ep	we.eBH	wi.ep	wi.eBH
32	4.49429849890219	5.18243071862852	4.22429617606941	-0.929390204332992	2.16574466442298	-4.53204265131291	3.20924385336009	0.368858754859071	4.89296286546624	-0.407386904387248	-4.78814527129757	2.34022807888505	0.331049603824525	0.00103570435968145	0.159855611926834	0.00104076587976134	0.172744762030826
64	3.59240246119043	4.05502507053788	3.3689552562623	-0.802260683032446	2.11867397273443	-4.72257258599528	3.13698097039781	0.404597145607853	5.00200246632237	-0.352991283100212	-4.50825781602115	2.51614666042295	0.347861843155146	0.00247612980249324	0.191799639115038	0.00370563971963379	0.263514310224747
155	0.257850345740237	-0.269787253058571	0.695851308173742	0.939210421941766	3.01738026518252	-4.45662804614817	7.303215174877	0.509729501266736	7.96946959254389	0.291607889573404	-2.49151161920456	5.32853350864773	0.351699562421733	0.00419170000642783	0.248673915362628	0.00473883385589421	0.280871207936163
46	2.27263806549479	1.91927475673	2.54036914192823	0.889686948479823	3.10708031712484	-4.60396996754331	8.71333287116189	0.480402895718645	9.13134522161506	0.24517441729653	-2.62818925457511	6.13484357630843	0.360646753480536	0.00292219137355751	0.204691293754924	0.00795947045319075	0.375865463276208
76	0.648026184623652	0.17234054377966	1.20740228138203	1.07080672927616	4.27934137463389	-7.39970088782707	8.66874774743453	0.702164114926795	11.0396843702325	0.238933378687516	-3.19160381538648	4.77193370475036	0.382844615738815	0.0378748440493699	0.680106212462016	0.02025698153266	0.572708606954873
5	6.15950853948953	6.53981340907913	5.93307541098353	-0.455380767150246	1.75944653696354	-3.50228002361005	2.80285823259681	0.330692799057533	3.95089653743564	-0.23767028568255	-4.21579789905415	2.69946161705593	0.401753905819069	0.046812801203918	0.7734104743322	0.0599254358687475	0.792837501011041
61	1.76095104738031	1.36212014740401	2.1262689544509	0.918486864125006	3.61113542208129	-6.26688589630479	10.8199962462035	0.436724161525176	11.8944786458516	0.235066240508368	-3.36797411422012	8.19067148876099	0.335252194139741	0.00407398664371783	0.227475390381322	0.00157816474671412	0.184002087723942
94	2.1714087344616	2.92315661688364	1.90814041914991	-0.640661061780132	2.69473708435502	-5.03380510095037	3.82727125897118	0.447309049744558	5.67447141714279	-0.233571360529324	-4.54877823242053	2.71678406251673	0.397478070845601	0.0268481362636917	0.669688699376093	0.0365571005220818	0.706978465305969
2	7.08043284262307	7.23807027927512	6.96543369180434	-0.385468200448306	1.62447003466903	-3.3305036066814	2.52273008302178	0.297705019677103	3.68529625559984	-0.218368525908528	-4.13485867852807	2.76030713436153	0.404494382642829	0.0476429552946194	0.771614058882356	0.0657532220429421	0.796519007302133
13	5.34868053200888	5.79673457049903	5.18124734435039	-0.408274719479764	1.89356515986391	-3.46997213695063	3.0396863665842	0.332610965064757	3.87621402338187	-0.213875131343777	-4.04271646225933	2.82029470065955	0.406960811784317	0.0949421579394338	0.833350423074497	0.079058905886279	0.805045974748456
245	-4.00993361163188	-4.51898046963471	-3.56247103689821	1.1862597825565	4.97489742440012	-8.78986694670706	11.9950565343023	0.927176500684729	14.7805871383149	0.213584123413239	-2.7511814914186	4.99536318545541	0.401589912921774	0.092879459526559	0.658805074954195	0.0924311608049926	0.662079964127556
65	3.58302364943831	3.90522551974679	3.36667751856515	-0.411978211024966	1.81889021766324	-3.62515764805832	2.9853841421674	0.318917932711733	4.00565887369404	-0.211198111898979	-4.04007612619546	3.1283560953155	0.40350877255742	0.100677090656456	0.835510529263198	0.0807485815604804	0.805634646523591
89	2.67211361700397	2.89774345999374	2.5205219575946	-0.444893038878808	2.17137857748426	-4.32802564843569	3.19893518068366	0.360604547328429	4.58593485429301	-0.198722090271372	-4.25257778204048	2.94394181267167	0.404605263777817	0.0596461630749967	0.788006430378897	0.0780687571601118	0.800539027344074
79	3.45514548024314	3.29858109010203	3.57068058007339	0.283444762789926	1.30679490877346	-2.10290025494814	2.99503895802163	0.230904534773343	3.25047382216098	0.192874325165377	-2.83112064674373	4.30719613039406	0.407620614634007	0.0575853749386182	0.768359788512276	0.0881962579183406	0.801838322634922
140	-0.189274580822399	0.207432200884088	-0.506240235760221	-0.692501643955124	3.210759938373	-8.07626822308007	6.22077350257132	0.490016789537755	10.5778272516836	-0.192534847252566	-5.2733898782179	3.59672047448447	0.387229378655359	0.118911420353967	0.785988446123915	0.0378627757707164	0.648897527566315
263	-3.90964379415447	-3.30043029756896	-4.28347010667798	-0.970184395079312	4.37272568032659	-10.1919988894648	8.24551468262664	0.768485563573811	13.0055597578347	-0.191955092888771	-4.55840145930426	3.17786373120569	0.405701754998233	0.201814149220145	0.754096605711964	0.131320801757402	0.699340196716739
205	-1.36633045237148	-1.78970889032818	-1.06265019505145	0.791086087036083	3.79557867572398	-6.79990629186944	9.48025709066462	0.573824462873383	11.5344440360668	0.188928894625412	-3.5461527034257	5.74789726992558	0.393532475348564	0.0831555275605076	0.742585427307112	0.0493207133435167	0.660688408116344
221	-3.04997979978207	-2.37945053331893	-3.53477120791818	-0.990467461195538	4.80548337217761	-11.0102780365271	9.17305138129429	0.888242744609079	14.0871684691767	-0.182989258132415	-4.35414800184814	3.33542053639329	0.408442983049356	0.187040592012285	0.781383752793363	0.115371105798445	0.749816943195056
171	-0.143328385309658	0.126495105480798	-0.351852878274232	-0.624563964403643	3.1100088374912	-6.69480518613965	5.73552021424076	0.530350236381141	8.72986949785975	-0.175965920414427	-4.251024035698	3.19079160329641	0.412280702321123	0.15145745563823	0.830363234181886	0.0995794468605934	0.783842912036229
95	2.64291391222138	3.06538824211719	2.56644723346631	-0.389901387026966	2.27457523698968	-4.43010463760462	3.7055970347711	0.411552120146636	5.11143204966388	-0.171023992584212	-3.92972941216221	3.11941215760942	0.432447246251413	0.166333978497256	0.855102445534749	0.174354200177583	0.835178537310686
243	-2.25337338980947	-1.78282600021973	-2.66824116585553	-0.882879353249823	4.76208444579938	-10.8140409124836	8.69771566034709	0.737196009275825	13.810285090951	-0.169402048612458	-5.27197190353356	3.22463693656933	0.412167717749992	0.160079256510995	0.783753660866483	0.136782365496836	0.792046042500558
56	3.23888627428591	2.93435109125628	3.42625904812315	0.377399188794467	2.28286763598237	-3.81861003675439	4.59167783655329	0.362183409664304	5.13445296167504	0.169277621525425	-2.96097886829085	4.36397530257253	0.414360099209344	0.173227578535052	0.85870172998513	0.107142106504292	0.818592353464841
285	-4.66123216650911	-4.11915617502247	-4.98153405183064	-0.908776837390134	4.86758846949851	-11.5624038849956	9.17817345774549	0.913332662509885	14.1635945423683	-0.16907616179383	-4.30008841066775	3.20363980084226	0.419682018060128	0.189309113608246	0.751641637178306	0.170955616174756	0.738052146830682
197	-0.0962477718420605	-0.4184550304267	0.154892565831217	0.593512972925264	3.08682074099516	-5.84093991624946	7.95795922223864	0.464029810301417	9.92285030843266	0.168656229517263	-3.547314376034	5.40809389415736	0.411619622385165	0.119141016718982	0.812445013316816	0.0956049708259528	0.791968767599706
244	-2.02892228640742	-1.54451747402506	-2.25863864079245	-0.833785478097145	4.24511309356906	-9.24608921191037	8.44859009996348	0.684170311573918	12.5075645647888	-0.164568589480294	-4.55622796449208	3.58467716792953	0.419682018060128	0.312452206968786	0.870189078971091	0.12188235732726	0.796686301765174
50	3.18683569016205	3.34175210289717	3.05794835192437	-0.438832432076322	2.65586053405555	-5.49006021461052	4.05762937309583	0.436289378330069	5.87333177941127	-0.163289904419766	-4.51438622884549	3.14915217585256	0.420778509280785	0.10046001335893	0.835154037270149	0.140211055240035	0.830222924533297
225	-4.59914032191399	-4.17898564251212	-4.86741883844734	-0.936250734740721	5.29186029340743	-13.0300801093239	9.76684755318231	0.937713267058626	15.2291617721399	-0.159675786582201	-4.51893478806466	3.02354589158247	0.422307482000051	0.201162660525551	0.794756134888814	0.242982856782498	0.800400795587379
208	-0.962435497352468	-1.33296550225688	-0.729419077517307	0.613123844795031	3.62828605357585	-6.42197513938376	9.31041829724989	0.635100299685928	11.5642201715561	0.155477589006753	-3.15033091381291	4.71332883271352	0.423245614527319	0.129475651643766	0.808341146921653	0.160801558622302	0.824912963386699
229	-0.362035679676801	-0.154961979257241	-0.558589804768586	-0.397988374557026	2.18896789003072	-5.17787714574793	4.02990771133182	0.367649335946819	6.58465201653808	-0.155396004192609	-4.70303117942923	3.21194521893887	0.417489035618862	0.162968517926254	0.827360987581242	0.143299561298406	0.795057783713109
212	-1.15107010086087	-1.39150454331107	-0.953198566025227	0.538445829512725	3.13980057660117	-6.28218009137225	7.5830779940961	0.548637492681898	10.1890214532043	0.152608719955873	-3.61459143750112	4.02088233799782	0.424067982942847	0.244118197965835	0.846688886716294	0.181799883670698	0.82027700854062
189	-1.03387414500491	-1.54746795753166	-0.720867932777146	0.755576785861902	4.28454669528949	-7.65565020422999	9.46732327427244	0.669449700597721	13.1012856957619	0.151333873738749	-3.43783919587394	4.61239992507374	0.416278432986332	0.238111046545134	0.861791516938592	0.125561737337901	0.812312994366247
91	1.98595173348971	2.27208503838637	1.75348392551386	-0.393280069665187	2.44091874023562	-5.03670650956141	4.42643799030715	0.448012380005421	6.04990270967344	-0.149064435727137	-4.13286205100992	3.17748750315946	0.428453947825803	0.205464139762254	0.864850790897265	0.158192067388568	0.832417545868519
9	5.60899595836596	5.69245548650387	5.49571104791939	-0.287879628332442	1.88005613970531	-3.89737205166972	3.77953393925438	0.306949717048865	4.89537134781136	-0.146643448918922	-4.33769619281636	3.51673118296758	0.43201754429337	0.276371314593374	0.875481876173465	0.195601710774183	0.837529267466512
7	5.11686797207852	5.03210580782469	5.15774036803929	0.395471211855027	2.54669830545873	-3.97483760593323	5.34637256964923	0.440721945002889	5.93056770512422	0.144556289921504	-2.94619116568238	4.55446816961811	0.430254864791559	0.0970048240791728	0.837058626666741	0.186048938567948	0.838383052566449
213	-1.4749795202539	-1.87977016824158	-1.17103037978177	0.655734469625094	3.8792182495391	-8.0220824460232	9.00801694429938	0.678155452267612	12.0537014755084	0.144277817798048	-3.85210415627237	4.7391170841244	0.427514387966817	0.261052438871425	0.867511017850095	0.174454581757881	0.820260960550964
233	-1.81392759653981	-2.12002248480734	-1.63284629452285	0.695943314108932	4.30800368141349	-7.96112146534422	9.48548508591636	0.80331931635582	12.5123096070486	0.142252210610556	-3.3521836293901	4.39431796459384	0.430254864791559	0.2415357402597	0.83797632521674	0.2215316584096	0.822492828556571
218	-2.92324779707898	-3.45515708002721	-2.45019220174073	0.819848087802255	5.33627175702512	-9.35657022585378	12.4195822860472	0.890894700284164	15.0119569914859	0.141667485755155	-3.35237118044163	4.32396604040032	0.421485338952698	0.228527758020578	0.821883832163058	0.196347350708623	0.817861142172289
276	-4.91015886343717	-4.52878043671703	-5.17324175123313	-0.759460859713685	4.81164033191182	-10.887081589027	9.32827710590381	0.889636985343295	13.7479731006501	-0.139087036335686	-4.28669835090169	3.23360181768012	0.428610578696703	0.267614661827773	0.799161416838011	0.238149453894817	0.768962338616369
109	2.00401990288823	2.13854176269468	1.92202920189027	-0.327751169926993	2.1200334627477	-4.42450975748124	3.53907871871335	0.384304760885689	5.47642412036625	-0.138792442703155	-4.53415644057845	2.95410931188324	0.434639627711319	0.139955686663593	0.846099529156341	0.182922465922446	0.835483086798907
293	-4.54811086656951	-4.13757844702364	-4.83735664569753	-0.780393235932374	4.75665476358604	-10.4112180266523	9.81302096521193	0.86745714951181	14.1986460629412	-0.138428885705829	-4.21332303794566	3.3732252614588	0.429276316241382	0.362285606896865	0.852335365228108	0.277234354617423	0.820038561273184
259	-4.00795633959479	-3.68905738972269	-4.2455292401769	-0.769500179985962	5.18708068381496	-11.7103808624846	9.84147760778438	0.91697013258273	14.6536610031983	-0.137806992986217	-4.45592788111284	3.37663080010311	0.427631579410231	0.301003547427824	0.842310948151321	0.284993826556784	0.834602115285466
40	3.8765943258055	4.05476498437947	3.7884444843053	-0.297957839488341	1.8675398577007	-4.37833048100371	3.11942628473967	0.306882322488228	4.83369353203331	-0.136266299403897	-4.64293813978256	3.02320233543383	0.432839912708981	0.10484692091753	0.837971281770829	0.175140945349124	0.836145371733709
80	2.6252710152965	2.81949907623516	2.27897625300046	-0.331027955182386	2.44641725935453	-4.25232331997706	4.03204276998726	0.41042944274857	5.04920336622108	-0.135703063573412	-3.62467310877722	2.94788733991294	0.44176486745635	0.391649533460001	0.899426829616966	0.250379848457545	0.845941789380191
55	2.65144304231993	2.36337092319222	2.85120851422584	0.392323913919986	2.57146424060558	-5.01383032053196	5.70835913552387	0.436212987104898	6.75089803647287	0.135463921662448	-3.46751049789061	4.30635418682048	0.434758772345437	0.273369310926527	0.875539540523654	0.228787286643339	0.844838024876899
203	-2.62225490676241	-3.00007771575012	-2.22816204730075	0.839180703148934	5.19080907076262	-10.822068681563	11.247047347882	0.938859118342073	14.9085006524919	0.135420856610811	-3.38782084965827	4.00108313721696	0.433388158319393	0.368711871220973	0.88598299857617	0.205631260721322	0.827228679256883
219	-4.60717825121805	-4.95019298806976	-4.29875426379834	0.737790439154212	4.96614734979601	-9.47436543697269	11.8447572080772	0.885547755013502	15.0807724982535	0.134415082919641	-3.53227675125522	4.43679006248354	0.434639627711319	0.262930499365632	0.828332313826025	0.254087328284593	0.810755865822401
291	-4.69111194704048	-4.35513339678413	-4.92085662382915	-0.67088293519032	4.4017217803748	-10.0166542004506	8.91450140602533	0.831601266675496	13.4735791565009	-0.132652303458066	-4.25288976992124	3.27081270027465	0.431077007838998	0.367063426888891	0.828063552271525	0.340685056514813	0.814049409816806
29	4.68691692863609	4.50293706397492	4.74731724001086	0.227428158490185	1.55260965158855	-2.75796638910824	3.12136252212171	0.276950073245191	3.68165258193336	0.132291314686235	-3.17037093983105	3.86234500331839	0.439846533678794	0.349002275496373	0.891012648069106	0.300213835394211	0.85535675836976
59	2.87428607958337	2.75337491999937	3.02754345901939	0.342151818704979	2.48345141090666	-4.22952111943129	5.07559608819138	0.433394100383802	5.65612780549498	0.131915737869479	-3.10845594582763	4.2697100385707	0.436283913806282	0.175521007875674	0.85686990578273	0.263344319982703	0.85118086614548
156	-3.48847181382588	-3.04592171257906	-3.82807218058099	-0.740510536125436	5.10700375267801	-10.5960008725664	10.0066071507225	0.880463145100048	14.286569570871	-0.131477027320638	-4.37328994770237	3.42569612619019	0.433936403929809	0.340321897135462	0.863944580632107	0.264333563054034	0.831784641038732
14	4.87207580805817	4.49521757996609	5.21692982268815	0.295254685454606	2.23197467505799	-3.71381441644032	4.06229669574377	0.39542096764221	4.70750508183805	0.131359793275332	-3.10385384179513	4.01793157653949	0.440668676726314	0.240431478505962	0.868251788345096	0.25065927916274	0.846450945198736
17	4.27554935622943	4.50148579199367	4.14875252136708	-0.313647429612367	2.26537131964731	-4.71664197543122	4.1499491148422	0.30836824393404	5.22894962398779	-0.130410956522707	-5.08632261894257	3.33204314294216	0.432721293933898	0.186154586738791	0.863094470969833	0.176266026273116	0.835878239016447
39	4.4409793861094	4.16699409434461	4.72190160266654	0.262182590221717	1.99558410141599	-3.36257942310755	3.54339197122347	0.366167289997637	4.20515858979605	0.12944929934657	-3.15405687222953	3.63088632196462	0.445601535011563	0.358565900006306	0.893020441015106	0.303299290659792	0.856107640647041
262	-3.25424497386133	-3.69558656339373	-2.89271808684592	0.727108907571092	4.81219320686333	-8.95865756113585	10.743500844634	0.871079545110255	14.0062963058294	0.129129402416502	-3.33124081745922	4.19860454655664	0.437106056853774	0.315321405458147	0.857497225748959	0.261435642315234	0.834070290048485
42	3.58226841548687	3.72515990857063	3.45868014317511	-0.27908362554707	1.99358830955661	-4.39151534221508	3.75855887960292	0.297341192609787	5.16045672299192	-0.129093387575715	-4.71787733454605	3.6963614384666	0.431351055521479	0.21002014114219	0.866170104582938	0.161656396293889	0.834486399993857
49	3.7665850483104	3.86115784580005	3.70435046104472	-0.232176316852174	1.79070194356263	-3.49739638374034	3.07589114367939	0.336328220070674	4.21020250884609	-0.127302800967796	-3.65415578235652	3.13590375497991	0.441885965281171	0.275414704759061	0.875749793232125	0.276389089704157	0.847894036852797
19	4.04700170174672	4.23136833585611	3.9014432135762	-0.328448274300183	2.4562770457044	-4.97353581100976	4.64246172434524	0.407486619757131	5.99741881964086	-0.126712320374082	-4.16709607238136	3.4480131027471	0.439298438313784	0.271446395302797	0.876460716051429	0.25243815080439	0.844229654791574
183	-0.432966778984245	-0.910633725817489	-0.050899759990072	0.577333074831121	3.86122275637975	-7.98704772665939	8.65053691809317	0.641100799836197	11.544073339341	0.126670098053314	-4.05932266743216	4.61923989928827	0.432565789903777	0.369925037552397	0.896017726828597	0.163416561096794	0.821129223223454
62	2.40365816945653	2.5857977732292	2.31135896566191	-0.323820596052446	2.37145871843698	-5.39802750099477	4.09213999915282	0.427194728263262	6.0120879554833	-0.126381643763614	-4.24720994846528	3.16382876117573	0.437106056853774	0.209215318221361	0.864816971898992	0.222554633863895	0.841058065699469
31	4.08777217509975	4.35115404326262	3.89352951860774	-0.301411544856959	2.09661480129107	-4.38593572914194	4.2753618071887	0.392726749547387	5.42679504175069	-0.126101278805442	-4.07949968619366	3.41909603792005	0.433817484663849	0.319888513288283	0.8839100040895	0.222045975167519	0.839580217060664
86	2.48372836325543	2.70164854958375	2.32914161087354	-0.408380452937137	3.113775749798	-6.75460155754092	5.94403379843587	0.489457611440649	8.46539649506066	-0.125907303365836	-4.65321370639001	3.56333986085904	0.427788435649287	0.303158258272898	0.883663419142768	0.174539922379139	0.834054393965268
254	-3.46788262225814	-3.77839716737383	-3.17549361947926	0.657454936440682	4.61418515281497	-8.95864443835617	10.3232374109943	0.779221764613403	13.5626133139554	0.12581127678719	-3.55615124946268	4.37738732870669	0.432447246251413	0.358284708889145	0.867045480755166	0.27470658323522	0.818344176545239
157	-0.503536381248543	-0.724452626522582	-0.319370680183985	0.544621599232521	3.87295246556992	-7.1226392220404	8.75686730632194	0.530314456765778	11.1984095627479	0.125810704708299	-3.68151900498586	5.66142536618607	0.418585526839487	0.17586532057588	0.844628418917558	0.162596772735502	0.82126852203125
297	-4.6864421490879	-4.3409945940253	-4.93832509900029	-0.694616521790766	4.52949729785067	-10.9829465796218	9.21135503197029	0.81499824825174	14.1954294844104	-0.125042581189446	-4.46880643891748	3.5363801383687	0.434758772345437	0.334910486212109	0.801054800276166	0.295013925614959	0.78662321105755
16	4.82794665393018	5.08707138084374	4.6898608970599	-0.242881298694292	1.90726985542857	-4.00731826137718	3.16008775146563	0.310912435772778	4.41533530130582	-0.123450882929523	-4.19061610820345	3.22364252572086	0.445327487329045	0.204106322844467	0.865930727688974	0.258214243903287	0.845624067863788
15	4.80047157452143	4.90995672114703	4.60584619563402	-0.255945739751551	2.01768771968165	-4.05792236390867	3.86674532271701	0.347971096682367	5.02974826459477	-0.12314426944476	-3.96898984694868	3.50385335521516	0.44697177342417	0.369485097889911	0.894545832651188	0.248793358803645	0.845052366403492
8	5.66355253482814	5.57159149498064	5.7265451414858	0.260555398290413	2.01408166993837	-3.21109005236558	4.26898008923717	0.354177338995113	4.64944243068157	0.123087891211416	-2.86697267231644	4.36972923352985	0.44450534428149	0.220780801559264	0.864711951254963	0.343117230896371	0.86419174789733
66	3.7348740238858	3.75077741822881	3.71694231788592	0.21271126396065	1.5868590405767	-2.71276765440459	3.23018082627896	0.263264322551657	3.90648880761921	0.122888265584939	-3.24546905903508	3.77850817574533	0.447094298580657	0.262249528324194	0.873707793550099	0.327811257604543	0.862605124995549
175	-1.6311254188493	-1.94224580434964	-1.38902045682103	0.632671235307252	4.64487019179835	-8.79168264316367	10.8544517294913	0.755373927178021	13.4114328663005	0.117998410112119	-3.52193643790083	4.87358396706268	0.435461770758798	0.314469113326823	0.878446576452269	0.263501506502036	0.850071732735708
48	3.86931106143682	4.02995176586254	3.75978882689572	-0.206568638322169	1.73345121076571	-3.17466350490697	3.20478759311664	0.305624916246435	3.87941390433312	-0.117211126263256	-3.78695221986694	3.18259331247097	0.446149630376604	0.376282732270093	0.897075840777862	0.293018485684409	0.855326620006836
202	0.196574899709702	0.461896583621207	0.034942149715337	-0.335601431558309	2.41231859880159	-5.01479570340377	5.72350896719216	0.422515380169003	7.48748496541338	-0.116304838251662	-3.9121402348031	4.31210559086631	0.438048246008022	0.649239718484626	0.94998603914043	0.250655753242343	0.84891441144961
154	0.421875349708933	0.225808603087169	0.524572095642143	0.3473982552357	2.58142402306187	-4.55810648819973	6.78663718873094	0.419719885441037	7.54694698547525	0.116090965219844	-3.51783359454016	5.16745634441827	0.436009866123786	0.178120311157031	0.850012993730321	0.259134352530153	0.849198100909592
172	-1.22340833858521	-1.04796455978858	-1.36672185490437	-0.509145731537683	4.32993530981276	-9.79553306789304	7.72065215388972	0.73801763764963	12.4262907002361	-0.114184978238959	-4.20204606032507	3.3784622347384	0.44697177342417	0.254214031102374	0.85863009878264	0.31546657285433	0.861328025594616
111	1.51409835914817	1.43901433444728	1.58070344560093	0.311817355007124	2.51543920434233	-5.5220535437441	5.56867589465628	0.456590851620827	7.23103526713339	0.114176504103471	-3.52620204795721	4.42530540261915	0.444078947723031	0.357782266011777	0.893484889574708	0.25335268150471	0.84847171464525
147	-0.591704112612821	-0.906477217192116	-0.386336734894712	0.474621674829821	3.83513683280621	-6.76280800227604	8.72354184572269	0.558316651834113	11.4615429194595	0.112374594457976	-4.062290418274	5.33797360800479	0.432173198568929	0.2677170543449	0.873542864115326	0.19376792941124	0.820022458138624
160	-0.128181275537572	-0.313915785415509	-0.0165901829024717	0.39221735641975	3.3325485917281	-5.48120806561663	7.49404921550263	0.529839258884415	8.63295438368111	0.111313094449591	-3.034199138965	4.58949888413679	0.446423678059126	0.180999097876663	0.845889644341655	0.272851211894341	0.85366741749818
235	-4.68507044474086	-4.36797881122811	-4.89231258162146	-0.658993111646168	5.16586108657804	-12.1714237700631	9.73697885459205	0.843610403954095	15.248339091352	-0.111012963344811	-4.28678322421626	3.43204199604711	0.44450534428149	0.299036944196795	0.829097211275643	0.307415663405263	0.823319640014788
63	2.89281027775844	2.81715559457103	2.9522787763668	0.269212000483092	2.24297749136081	-4.08008934733911	4.90950634519373	0.366306999145598	5.75106768954104	0.110108827511665	-3.25002326998254	4.59606224519099	0.441337719670712	0.219585039659872	0.865647087983139	0.254523219512914	0.847337362365791
178	-0.960897868311011	-1.19080072104412	-0.795470410354538	0.466478632857585	3.66758708152838	-6.75438560743592	8.65267607711165	0.605041163601154	11.3834886159076	0.10969346034549	-3.42082488271561	5.11143371636456	0.437380104536273	0.262414043453916	0.866880696239506	0.24573410741753	0.845076827014424
166	-0.53880935634332	-0.345215485309879	-0.658613135787375	-0.460438335123876	3.50391597115222	-8.11522088865255	6.9146116967805	0.588615687851014	10.1502021788869	-0.10897128687998	-4.74299450910585	3.67793800009633	0.437928199901272	0.255545489503916	0.866481484677038	0.267852310261896	0.850451782978199
122	1.20684159258022	1.34736397295696	1.11211293656263	-0.310030139514031	2.62671418022954	-5.50703692092284	4.48161466469026	0.340550197247163	6.11602654882035	-0.107165520671184	-4.84212217627204	3.63798423743777	0.433114035514187	0.178093541821505	0.85737526441797	0.228230305356842	0.839111940533525
54	3.59208340314676	3.6405545608383	3.56330977281102	-0.254186114527329	2.31490092606212	-4.12004269124893	3.24134558988125	0.366242550165006	4.61696721936281	-0.106936615469801	-3.99624180736552	3.04809435270155	0.445327487329045	0.192530296995599	0.861912621073188	0.260049494017961	0.848052095634947
164	0.0334934866710981	0.278375979656229	-0.185684487465466	-0.391430781672371	3.42998660143312	-7.03520307448715	6.78291880445013	0.525296247621496	10.6266561413685	-0.10666948127297	-4.34046234406538	4.00120033790434	0.440668676726314	0.543654663558355	0.932968443114574	0.321448811514638	0.863595616627008
20	5.37598957365181	5.33034832362763	5.41465723400868	0.173263688647258	1.54965951407607	-2.3079390146599	3.13167638697572	0.303500395654109	3.33534122345309	0.106555276251734	-2.91540343739703	3.67765206036595	0.45382296548743	0.216297936985551	0.863637752185405	0.372221067669898	0.873342038380999
196	-0.399586680892077	-0.565482469285873	-0.238543565805574	0.342691751212977	2.74389139657257	-5.19068149219544	6.73703342696228	0.494998280042978	8.37570769717452	0.10591709940036	-3.01867297768528	4.76191069341768	0.444231296598973	0.28994282816198	0.874071761078187	0.327922770608298	0.866867822406738
92	2.05858052884984	2.10274146665789	2.02863614003417	-0.25335336271363	2.23385126033456	-4.66028653156769	4.32246026672833	0.381150768551652	6.04545048287059	-0.105837646998988	-4.2627487613518	3.28833678739089	0.448464912606877	0.285342928632503	0.88041421312449	0.372733275582243	0.874803640708578
190	0.356114509771106	0.144305250984353	0.468112001978595	0.332480982787562	2.75356399056058	-6.02426491768512	5.61211720061934	0.467186135102548	8.07270137711654	0.104714029075373	-3.51344912718459	4.25192722806733	0.445601535011563	0.452138112375497	0.912349208922457	0.292614902821283	0.854105612788777
179	-0.59392131556027	-0.455548220043305	-0.738542184908868	-0.393675311409781	3.68356659413268	-7.75789910311507	6.07099205009568	0.468148586307522	9.17394978897659	-0.102729519391907	-5.00917341091445	4.26632218502413	0.436557961488779	0.327739385609079	0.88724510786186	0.271776978421857	0.852124768046545
287	-4.97294802002375	-4.67416331463003	-5.18219193024252	-0.539417079442573	4.57963406440647	-10.2457159284188	9.33565037257192	0.814296305675978	13.5295871914808	-0.101495017596346	-4.30473312606652	3.639677463096	0.447793916471742	0.426947707241572	0.874555149774002	0.370313071116559	0.843903925733171
115	1.61484308807784	1.48926832397335	1.70221531955244	0.257050900722865	2.39920307345497	-3.95499588220396	5.00110753402305	0.357265530280009	5.99539409323229	0.10147225058861	-3.71667543476593	4.94621920645497	0.44450534428149	0.22647500176767	0.865584448696536	0.286769502103559	0.85997982268631
180	-1.64476251198283	-1.31151043435935	-1.88304116570544	-0.516718139610678	4.41521802237587	-10.2522597459239	9.03526459919836	0.605318388492445	13.5242787060988	-0.101092944860426	-5.21355147483357	3.97546516836245	0.435461770758798	0.356462380779226	0.886432786978509	0.209611082049236	0.83500656315797
143	0.426967404447598	0.638756757097046	0.299468335943851	-0.335098897255969	2.82055358707459	-6.11330418606586	6.11557334517862	0.475194938837916	8.66305287920057	-0.100937479254436	-4.34786797036225	3.85900210898901	0.44368320123394	0.580552718808293	0.937741656123852	0.295176750631133	0.853162064291999
117	1.78436815417005	1.9179755710729	1.67053029461977	-0.248999863706633	2.14268734404477	-5.10133660236905	3.69052041004692	0.364145010721269	6.01958838722637	-0.100814318682039	-4.27733086443487	3.52604297159004	0.448190789801632	0.263610981420076	0.873294418771729	0.336921767177326	0.86476959779497
169	-4.2385450366091	-4.50628886364005	-3.9985464308286	0.594175114307328	5.30134496902823	-10.1225265464705	10.6808095084596	0.915974130939866	14.6642885264189	0.100745148286892	-3.28449252278848	4.03736967764732	0.446271930164934	0.392470373933711	0.877398585261243	0.369072400696818	0.85817924627745
24	5.02885182047328	5.18348651113281	4.92134815303698	-0.158312389091037	1.54174951462242	-2.82676987009873	2.71262144808781	0.279112479038558	3.38683527284139	-0.0998544438881638	-3.84807716357234	2.88279008308507	0.458881579206603	0.447177238574294	0.913425218481506	0.386668854733826	0.878538418470027
96	1.83506415460626	1.93361125507967	1.71145815528762	-0.238471755930814	2.26579138323427	-4.75136277322938	3.87612990815085	0.351485189305767	5.26215904251134	-0.0975909779328022	-4.54598199955069	3.4259755417076	0.449164154884374	0.354123269112595	0.892478097774867	0.337251523995114	0.862569186295434
242	-1.73403455481584	-1.93339297215461	-1.53649133226473	0.398729906950821	3.47374931274592	-7.42153792082434	8.24862010869513	0.577428340330675	11.4552669778213	0.0973114445713523	-3.84169097622491	4.51714144920742	0.445601535011563	0.437969930363044	0.908179065146518	0.285335640684159	0.855583819984347
216	-1.06119454438006	-1.28507455754572	-0.853150384119693	0.408696286359896	3.75385142033668	-7.57332560830841	8.02196214649045	0.585164034673703	11.1584488771071	0.09702730866841	-3.88540343178151	4.42306526673631	0.446820175775416	0.424802032705255	0.899909204555593	0.301321675128367	0.853470677957339
1	7.65055297051005	7.77046117708645	7.59325908412884	-0.16201760456514	1.509241334341	-2.72965476014882	2.76658883878025	0.28515913863405	3.41555859379506	-0.0970021751622349	-3.49389341365948	3.22480635970569	0.457785087985544	0.454101554360424	0.91493203935209	0.349927446918111	0.864742480923853
97	2.41011039540676	2.17402169616534	2.60229659045956	0.190434266062972	1.96536845864365	-3.73596052087177	3.28192937936492	0.362875152649819	4.32602284804955	0.0967305203651679	-3.30178873279099	3.36626063824824	0.459303919138281	0.722696758918835	0.965121638917094	0.475112895004304	0.901513301042819
28	4.54980324368179	4.75199459364493	4.4408709976601	-0.213542115648808	2.06155127825516	-3.88342940954295	3.46268912295512	0.365314291649323	4.59264109681091	-0.0963576295384338	-4.07601160909952	3.10577572424828	0.452302631880368	0.313040867301702	0.881568168028579	0.328886352617357	0.858810270880779
38	2.89324674468309	2.75792433502939	2.97026073779295	0.248517024407786	2.85815878572656	-4.54631916127343	5.26278743852207	0.268787771870048	5.66403383773127	0.0960613963456256	-5.15671046081545	5.86234214380001	0.430372807462168	0.522398268869489	0.934444377221901	0.200584989572198	0.841539188351121
238	-1.31419608453659	-1.50651892972578	-1.16123140589693	0.323812907537133	2.79200928834542	-5.98083267508086	7.62107602335956	0.470554310073051	9.83651642565102	0.0957741283046912	-3.7269325286539	4.86979587910604	0.447642544191143	0.32265090366777	0.881800784564755	0.318029027925685	0.860269886098044
33	4.44477903233454	4.56034728345292	4.28778985612658	-0.187331407919645	1.95085955056549	-3.77847677127824	3.00931537277111	0.333746880194047	4.0732263920388	-0.0956859108175496	-3.65903552265393	2.89752495087988	0.453125000296131	0.303797954913419	0.880840923459572	0.355035671784915	0.866212740050075
57	3.4132588137325	3.51709936557941	3.3594250299836	-0.187878407976906	1.81358382361653	-3.49421349595548	3.20762719401047	0.32961329595054	4.09775281582754	-0.0940576288841934	-3.79865100406768	3.17386352107835	0.453399123101387	0.400314083255729	0.902626165461125	0.411238690712831	0.881930264571176
251	-3.1530378038137	-3.50093431376131	-2.87643230704626	0.477495691357047	4.51048854478527	-9.17377163528883	9.48479726350364	0.826299206665976	12.8692927258016	0.0936275944292521	-3.57651889210997	4.00100770656065	0.455592105543448	0.495608694703161	0.914237793134471	0.417777756939622	0.87916530577032
281	-4.63073073073537	-4.84897778401094	-4.45819152355612	0.535694866801692	4.80574564895549	-9.50676160621144	10.842284546064	0.921042933472034	14.144100826995	0.0930670353476495	-3.21724684949353	4.10719334711594	0.453548917804893	0.400219789510376	0.874308992783631	0.404347209759553	0.862237879426497
239	-3.93004491918547	-4.1228877975236	-3.76695495937311	0.494684076585944	4.54705768490734	-9.33737080849401	11.7212251336356	0.8075398274951	14.2914106115526	0.0923405066274978	-3.6130347767486	4.56475235461943	0.448190789801632	0.415128679935073	0.883314824341857	0.421738904644436	0.869740009393158
271	-4.61532654471604	-4.85845271317319	-4.41888606860952	0.449093071904177	4.62352490001712	-9.17586510836613	10.9066130122982	0.809235920317704	13.7367785286137	0.0920771244142187	-3.38591770584669	4.50185433476354	0.450808440979552	0.416069513194273	0.886711694549857	0.416190759855421	0.866812933288138
288	-4.28885505628536	-4.1164743676895	-4.40769375559474	-0.513536042504438	4.59125170332717	-10.7720177120214	8.90252906114638	0.796175892186759	14.0858508475108	-0.0920335264696595	-4.26328659145061	3.41874175583485	0.455741299265204	0.384347545324756	0.862321523703175	0.444204137562725	0.879522761427585
266	-2.83976519002309	-2.55268417005293	-3.0099644543031	-0.479618684918128	4.51545377210263	-10.4289542346275	9.05493725225589	0.753637474850155	13.9912638485157	-0.0915477095398537	-4.59924054399333	3.47151404322999	0.45053439329702	0.415223627131014	0.888935450715074	0.343175945476418	0.859403325805305
138	1.09964455891914	1.58510206835488	0.951158804840754	-0.293890750183827	2.81869942024605	-5.45308020060305	4.53725932427855	0.498458968758345	6.75297350666868	-0.0913654352874436	-3.9016204337312	2.98486540741254	0.459029871455733	0.245291870039626	0.870739746858482	0.393307133759308	0.883162961144444
194	-0.257898227453916	-0.112665748721049	-0.390771253762227	-0.293559845875493	2.70421031925905	-6.19140571324241	5.64043969841846	0.456666098376244	8.47956615090472	-0.0911421314267419	-4.38374910502499	3.9356293706095	0.445601535011563	0.381836096084843	0.897327655615278	0.350608678677082	0.871125120022212
261	-4.00860567584343	-3.74250900373176	-4.2228477335767	-0.506369610008457	4.90969561960954	-11.6177841017005	9.55373510126397	0.914125504478749	14.8440057423499	-0.091025606974352	-4.72698874605348	3.21996124832548	0.452178679392215	0.346074696405571	0.867067352835699	0.381002912380784	0.869744260978317
88	1.68818602048757	1.92130965379485	1.56075878015153	-0.284374325187245	2.85558731592715	-5.55582293349369	6.29910649465288	0.378865945837306	8.39379210580637	-0.0896961962692647	-5.13177510906165	4.75571590184044	0.443804824917796	0.673002279636594	0.957514885705942	0.269248427827086	0.850779369272492
135	0.43384351794926	0.220862926663536	0.547426819548207	0.290409671184892	3.1506374404026	-5.78470380867201	6.35713545599053	0.498775638694952	7.74322178275019	0.0887684312276839	-3.52565972430899	4.36011572970093	0.45641447395923	0.409444393941148	0.903914485029041	0.393619597219994	0.880272145875647
224	-1.92207150472272	-2.23808824137131	-1.70259588729296	0.478269973906804	4.5553768182712	-9.20357755814173	10.1429587505471	0.835325221041249	13.4532412612456	0.0882464734409392	-3.40352639263181	4.16374042751566	0.457659633043005	0.404711083437871	0.89567845636142	0.371691951454752	0.875378921407325
137	0.027869175537159	-0.0993996995042092	0.110676277657488	0.306797135956471	3.0843828086177	-5.77425757270927	7.76233276182555	0.479728236319944	9.54203149668296	0.0881573735356936	-3.98270659127771	4.8437883680178	0.450932017854108	0.285668371664516	0.876364680371702	0.343483726142002	0.866624522625311
184	-0.304578488747329	-0.475244258837841	-0.170720709230581	0.326958223798322	3.20267515022122	-6.95626079688018	7.71545059346759	0.454999379959737	10.0512354090193	0.0863530609811829	-3.95153414708707	5.20764025231391	0.451630584027148	0.339808328155028	0.884893649856296	0.330580306607772	0.865332634374943
123	1.72229778294253	1.84541590838974	1.57781848207951	-0.192240252930871	1.94780562751608	-3.86137543683146	4.2921875085752	0.29204862978973	5.22705387769993	-0.0857942501407669	-4.48658889362033	4.04827609539291	0.452178679392215	0.76118921889741	0.970255947486637	0.466328133773653	0.895570691054194
26	3.48922215457649	3.39080907418883	3.59286615377285	0.253935824214092	3.20552888247881	-4.85536477507558	6.07995385704277	0.327849264182702	6.88090469380898	0.0834233851513801	-4.30227708459879	6.50131993061785	0.44121677209133	0.116058489540873	0.843344039849828	0.270487284153565	0.848834212828054
176	-0.104028658877266	0.0613892811421719	-0.239794982501822	-0.310598026954492	3.31137013616818	-7.92546674197978	5.98178573626154	0.593760510890562	9.67627691539439	-0.0825287267554208	-4.46923753528865	2.95711655640353	0.454371060852505	0.345279957832521	0.890060079719978	0.38231297293796	0.875725262169218
207	-3.44729888713325	-3.73645414741732	-3.25216194845554	0.481018923113808	5.00537384903951	-9.6246739866364	10.5444790341379	0.936381331911364	14.0208977831493	0.0819168118385711	-3.38253687461759	3.95312844889163	0.461770348281227	0.490060704778437	0.914489646060731	0.479474151994733	0.899933597833168
107	1.76763105606005	1.6314970244392	1.9040732584922	0.225916673563847	2.42147080498055	-4.82787474271171	4.46870930523113	0.397319562931716	5.6835143879878	0.0813900157395389	-3.72030926917916	4.09216321718955	0.455741299265204	0.633050984232977	0.951856022679832	0.448432878193313	0.892963010829187
256	-4.1981090952754	-3.93918006056901	-4.39544981138542	-0.498523420434108	5.28782922008645	-11.3595273230313	10.6042863727396	0.951037587719568	15.405141707546	-0.0812460085586912	-4.06053192462921	3.60689788074415	0.458607456401337	0.49511535442712	0.908577772380159	0.496863752278013	0.897455979520483
215	-2.47243604481288	-2.83714597606957	-2.25679006515044	0.42850895766137	4.56992573762642	-9.59410117248568	10.721643664327	0.748521325544756	13.8367951364552	0.0798699383484409	-3.72523076273154	4.82772905099116	0.460674157551024	0.475856407166633	0.908946941518046	0.461426577842215	0.894377842463647
241	-3.78689790514621	-3.39083257841904	-4.0596145661264	-0.488869205572075	5.20289422983879	-11.1689313444229	10.3017613611968	0.928643077934951	14.888462313407	-0.0798433388498792	-4.2052290920452	3.74686601955282	0.459303919138281	0.438436697326896	0.886214456183644	0.389678355411471	0.875496843973134
98	2.38511959838031	2.46610746895566	2.3079231889605	-0.157498466977356	1.72057032260092	-3.12636841784517	3.94090476067526	0.32855150432546	5.03782499340998	-0.0791883137083357	-3.4925250527065	3.76130306952912	0.460800438843474	0.856391193850347	0.982371166814272	0.542032411175173	0.918497733800343
21	3.07865491977448	3.19740565874762	2.97201138299844	-0.218016256931969	2.23039751773213	-5.71968425792837	5.93230874609685	0.401471947186628	8.67149536168401	-0.0773121994276047	-4.44674854600716	4.01236879607148	0.456015346947745	0.681467127495911	0.958601431594189	0.437027329046013	0.888716989447699
58	2.18920368364415	2.28739893037664	2.07013224330676	-0.238580026129144	2.94616013205241	-5.58536199451161	5.52504962900849	0.31456738402748	6.5847062029729	-0.0766688409187325	-5.89891148972344	5.11303284400544	0.445053439646525	0.484165131972511	0.924069373634144	0.324113398087034	0.862068481548876
198	-2.09666354120464	-1.69042966638797	-2.3646858068375	-0.418837336116908	4.71370990010578	-10.9473918192581	9.40819457954485	0.767330934965893	14.0210178570052	-0.0765149879306954	-4.8083528957748	3.75663472747923	0.451904631709681	0.390284786484452	0.885119839654639	0.382424317501285	0.877256980153547
67	2.34538423752236	2.4477444930426	2.23998551276082	-0.204446055606446	2.48576240839875	-5.54091758543735	4.92927411280267	0.362619315121202	6.47820373381357	-0.0764558910649193	-4.88347278093975	3.80134763789469	0.457659633043005	0.408718181281975	0.90559804458485	0.418527017599128	0.885005925589729
4	5.29597519554189	5.26171807726063	5.32448127573177	0.202236958232796	2.55731155143966	-4.50021445802145	5.52496728615587	0.45215727064067	6.15238628741577	0.0760054251250784	-3.04255816993852	3.90816545316914	0.462171052869825	0.38050294424219	0.896774829956002	0.438262717166902	0.892744427245231
136	1.2286121987814	1.14405420289774	1.29248589409986	0.221264794841489	2.73081926410026	-5.33890602452468	5.25937326681541	0.45135028365591	6.90022365791738	0.0752389094788588	-3.74185797982739	4.0144135362999	0.460400109868474	0.502761100503975	0.925841694435325	0.412446246615107	0.883823849015649
206	-4.61133387036634	-4.73396291240027	-4.49767428594367	0.454997172954966	5.45367836097007	-10.5791621407121	11.9800731426109	0.914188996134251	15.4094689543061	0.0751586735947989	-3.37671140912496	4.41133219293615	0.462592491328884	0.421539367926396	0.899532596979006	0.477551853139619	0.893241211743259
279	-4.74386594193273	-4.53537429005767	-4.93100030233739	-0.389807380786283	4.68565489042914	-9.97778061632549	10.0350201632053	0.802167451397266	13.8772750986019	-0.0743985959804207	-3.77584825925383	3.73299922154903	0.465460526533111	0.535157631937705	0.919079885794436	0.482041169455045	0.895960133404481
18	5.39620874988982	5.37743627163893	5.41063356816323	0.0979808981405523	1.2914742908601	-2.07162551954541	2.67353417012714	0.23762018762068	2.9341484870035	0.074258789090125	-2.93511301013842	3.90409098361438	0.471217105443994	0.339285883648661	0.889941907989505	0.532109612763813	0.917066954105133
119	-0.697003243916983	-0.517676644846354	-0.795585335107999	-0.421865789532106	5.19461589020607	-10.4356670665426	10.3671845724917	0.769951000189967	14.4227325512757	-0.0733268791857276	-4.20888524862467	3.96762862280316	0.461496300598675	0.660847166507794	0.947405698060299	0.477470903486559	0.901845024555807
267	-4.37119301590386	-4.21079516908674	-4.51832270274377	-0.39847120202313	4.81357566735171	-11.6418470398322	9.70980272633869	0.834057319487369	14.5354586220369	-0.071503591288254	-4.43479255730039	3.55925272201572	0.463962729741653	0.476307453161035	0.906871800160321	0.540243300038375	0.910452505833962
85	2.9459746916527	2.70517645446899	3.07920622127731	0.141565912107177	1.83740000267645	-3.30330900046587	3.31750176632365	0.328104832362595	4.14990555742362	0.0704951357878385	-3.03863220376955	3.70373100043727	0.466977254249782	0.555271580242421	0.936494457512407	0.468461016559808	0.900698720903743
120	2.29272329364113	2.19994233889765	2.395413274309	0.178947023332205	2.34271476185311	-3.85433327401306	4.71533598854248	0.397959318967554	5.8640084257081	0.0702605303916435	-3.3561193974644	4.11387262573014	0.467251301932342	0.487608741205852	0.922848734776279	0.530834654141808	0.91305821043745
73	3.28364253828615	3.24183638231271	3.30937563709589	-0.177873463462695	2.22417026119135	-4.46776970999877	3.61544952069631	0.389327761071416	5.05104124423778	-0.0698303542432355	-4.06454617819558	3.21068878253072	0.468895588027707	0.380278780600267	0.895463712832427	0.533938073770375	0.916661032980677
51	1.5211525563616	1.60889338970254	1.39924085018329	-0.265749990481528	3.59081225566537	-6.99321137779819	7.27713720108675	0.605487075640785	9.97209911677867	-0.0696116440208696	-3.74951298649898	3.56879405974688	0.464912280922559	0.740870625229214	0.965521800731062	0.513296565394267	0.913160948820576
99	2.58879799819459	2.57388495587799	2.6014170761679	0.132874503425628	1.87805950204424	-3.30340244019341	3.62051917271865	0.33753394385997	4.25814089399129	0.0690114313459815	-3.16907080241014	3.78480185783074	0.468895588027707	0.565329596751191	0.941256224043078	0.605344021237863	0.933739770084287
153	0.32894619248564	0.24343726449481	0.386294390327187	0.212646944418873	2.84530252543806	-5.72847234976183	6.30745678087747	0.391871803950273	8.14542122156209	0.0654450644351583	-4.25656470340783	5.07728618165113	0.460252193232937	0.460038999025897	0.912636735416581	0.479906428910117	0.899627068835139
129	-2.40783518972201	-2.7916129572622	-2.01508868893758	0.406209487625264	5.52528188575883	-10.7196123069139	12.0556726788158	0.998911556623266	15.5393369551028	0.0648339855516927	-3.48168278190766	3.9744517581294	0.47026582644052	0.525361761978779	0.925035739258093	0.564839660988545	0.920220421416047
248	-2.44415106913697	-2.23808392369027	-2.61092147948026	-0.327259924170054	4.00305381261116	-9.85220592681033	8.71674172919266	0.691050769431166	13.1885611153132	-0.0647744101144339	-4.56553813498368	4.14361765163515	0.461770348281227	0.494149753915314	0.91583469129859	0.496901170037482	0.899387461076117
163	0.065167070848231	-0.0855132026026491	0.193227490890966	0.270104588698823	3.49183745967621	-7.17772401751892	8.19657177154834	0.543071671632338	11.0314687377931	0.0647239262209559	-3.95994523682956	5.02668968881318	0.459303919138281	0.463267769373724	0.914663340379797	0.366020127145315	0.873020783882195
87	2.52412753531467	2.56558102651524	2.47601418034764	0.163597021127682	2.3421591245701	-3.89262125052471	4.42081311395422	0.415337885611027	5.0376352073416	0.0643730944643589	-3.09372858864107	3.78514697797722	0.471491228249278	0.509412081822327	0.928543232988745	0.608592535476988	0.93150075810296
52	2.53959709506851	2.69806888834576	2.43667545025319	-0.191728434518419	2.84029604988975	-5.42251061162401	5.27917265631667	0.397104724580958	6.60987440202939	-0.0642649130884598	-4.44984210762895	3.63311335160628	0.465058920471876	0.531908924864917	0.932278289127228	0.436550386142423	0.892074974669466
283	-3.6825369332821	-3.92370238292524	-3.50884249629512	0.316073821392693	4.56522761623834	-9.80647029523732	9.96034874388235	0.800910008551734	14.018330914784	0.062862896570242	-3.83435213981028	4.27130881639642	0.472861842275703	0.611831726650557	0.938813788665753	0.563615707536162	0.916150820524495
68	2.83181101830707	2.91219357683464	2.65748515395727	-0.149629852363066	2.28821268849066	-4.42819077232411	4.19783078285359	0.375985142769931	5.26058118163918	-0.0627479288564584	-3.83425809833755	3.5740126265198	0.471491228249278	0.732451787161524	0.966404089691778	0.6115755540782	0.933865747251002
177	0.19643678216531	0.25046932538769	0.14723577353922	-0.217011665153101	2.92857225263613	-6.62089789540474	5.49258631741183	0.479200323247374	8.53213288818514	-0.0622237698768342	-4.52122708159177	3.47582696486777	0.465460526533111	0.340499725981601	0.888660543204229	0.498561230676598	0.906652189465178
60	3.12580835712382	3.20226332738804	3.07747821914666	-0.159699018486442	2.36568361308956	-4.37270195893124	4.60097247062984	0.424061516709665	5.71639574837734	-0.0612818531590378	-3.51052711398929	3.65443928245874	0.469717731075393	0.767008087872204	0.972049920955083	0.573000126696975	0.92571387648744
246	-3.5000187347978	-3.71247967148151	-3.36501346542514	0.315725069105406	4.89341374974962	-10.5252231572665	10.5557629430533	0.862518348927114	14.3794443463423	0.0610021581224114	-3.73209870509577	4.07568135006147	0.468750000196453	0.576532088223825	0.932167049527031	0.53804183853787	0.91173811642466
150	-0.160639856349366	-0.271746891317699	-0.102674213442432	0.232761762463745	3.0887987070822	-6.97293488280034	7.84519480696952	0.416493251337667	11.1073705805796	0.0608727016041024	-4.7577177652372	5.90936768246763	0.456015346947745	0.503837809410664	0.922804988248072	0.492895874973803	0.90284815179957
148	1.07917130449955	1.04311761711023	1.11290015139661	0.158799116880036	2.1907821732438	-3.64514630073086	5.22585409056437	0.375238826207645	6.2195237578719	0.0608129086675428	-2.96673884626641	4.71762134405176	0.466429158884664	0.147653536187283	0.842815638411303	0.443208577655521	0.892124516919648
149	0.795258788066998	0.848674458321221	0.731210463370009	-0.199248638974451	2.91916764574808	-5.57060416540187	5.54399650188264	0.499017405852152	9.24204095637631	-0.0601841517508345	-3.91589149354348	3.79786046480329	0.469846491417579	0.685178925245363	0.955868085571498	0.585836290933242	0.926930659376988
90	1.39007315818928	1.50199531654081	1.31334614353667	-0.192999463432289	2.91988598920274	-5.81427663063264	5.65307473866555	0.445325649676233	7.26055858548298	-0.0588457091635558	-4.27790679016729	3.8487034815754	0.462866539011436	0.589460007048905	0.944539382814677	0.513042085475889	0.912224628532399
151	1.66987812831872	1.60653945078937	1.7159089473577	0.105210411949373	1.49851874236114	-2.9116341516701	3.74949477028144	0.265387132300174	5.42645457180612	0.0577895598034651	-3.61116450004016	4.18484402991337	0.466008772143664	0.591213582989653	0.939647795566818	0.657608769046844	0.939643527525895
185	0.235997421244393	0.412016787394561	0.137039487692027	-0.16066292951102	2.44266260692117	-4.50330805435166	5.43998783659156	0.41890736990025	6.6064507970732	-0.0570939350879622	-3.68293093074413	3.76159470083756	0.470942982638711	0.786817089242845	0.973738555889998	0.542574122434147	0.916028898953712
231	-3.51213878398509	-3.61878972195745	-3.41901706501986	0.302795788256533	4.82619330963452	-9.46528952595016	10.8131339057664	0.861338293376748	13.8869123757772	0.0569714600344833	-3.46882076100293	4.0391890455324	0.47026582644052	0.477174681427061	0.910056261033254	0.529274230826589	0.907654648251185
230	-3.67864142408698	-3.78568842381448	-3.59081774251668	0.3215282655974	5.03785669269171	-10.6629250728689	9.94061346877818	0.895952098247748	14.0962343540637	0.0569677557818925	-3.88035571234268	3.67332510578454	0.472732255583607	0.628854691886904	0.942852856706681	0.602064420955868	0.922130669105581
132	0.889250923423204	0.975623107926366	0.833466806857199	-0.167606366620901	2.53208903816542	-5.98790649248316	5.17492417380178	0.44663542005664	7.42827955385887	-0.0569017037389207	-4.45914074468405	3.8070743542456	0.470394737028144	0.453785361491731	0.9136337009734	0.591388976322487	0.926810311573075
139	0.0177742335015143	0.111592708487789	-0.0722327899042527	-0.238165190445518	3.3765513680405	-8.84899471991928	7.15357093972924	0.477817792798256	11.6508337220365	-0.0568812754058623	-5.63096045619151	4.71145365384639	0.459029871455733	0.360659874301219	0.893404267608598	0.42606119451734	0.888012373548349
145	-1.53216358590148	-1.2304924281476	-1.79815511083247	-0.340629034883858	5.00025802731099	-11.0532524999796	10.1940669662616	0.753077414221908	14.6278733481117	-0.0566292380966705	-4.59260513264701	4.03174768901387	0.470394737028144	0.514140692044795	0.921175287612238	0.527983211602918	0.909722257223861
104	1.85837081214439	2.02730413250206	1.76160937775882	-0.131077038875982	2.38663650913705	-3.98651157828117	4.28114160911536	0.429100974405403	4.99652837673391	-0.0563253735175358	-3.6855700969218	3.20864045467574	0.473410087886275	0.749817693608537	0.969756113020193	0.626235130590427	0.937082056005199
159	-0.196485224233935	-0.27237765714849	-0.149141130529992	0.206688034641947	3.26028793891833	-6.25817020283756	7.3643246116096	0.496696120961952	9.69687285360791	0.0559991602623675	-3.85992599130762	4.58688592227579	0.466557017754219	0.481302717835421	0.919335553513901	0.616163180030132	0.933312673346257
220	-4.02217825528932	-3.76971842822352	-4.20864616592487	-0.328319710347677	5.280704755151	-10.7111999651582	11.1034256237172	0.934612939967999	14.6468697930853	-0.0552949128053141	-3.75792793376064	3.70271135409977	0.468475877391172	0.592167102761234	0.934596873053952	0.550035843532514	0.91064623205783
290	-4.60662340406351	-4.47359563507531	-4.70835866464897	-0.303769846167167	4.4660276720524	-10.7131531190733	9.01247715508324	0.726544221992107	13.5673687506931	-0.0552025167468196	-4.9830905069714	3.5350853445502	0.465881063519548	0.464807849816394	0.9046750995484	0.486225008185714	0.897029917835601
294	-5.18299001497803	-5.33255576928051	-5.0612934672546	0.293285088906515	4.38291723493119	-9.3119361846365	10.9048718973257	0.772353679523113	14.1444144441803	0.0544412902736345	-3.71283914925906	4.61083709244539	0.469717731075393	0.4549587581301	0.889141380517744	0.44967068513497	0.872912810378831
268	-3.7333507613076	-3.53603456512846	-3.882648631737	-0.3180578924016	5.0425323332929	-9.97468327149042	10.1766843248418	0.840452096532678	14.4835620458195	-0.0540541569006764	-4.08701359269107	3.58363826792377	0.473684210691561	0.627426229478213	0.94210538338193	0.596564006574092	0.921932938083742
131	-0.636418671966188	-0.853759168857109	-0.503796301624479	0.269194937690551	4.08310792225207	-8.15354886220433	9.24661978697002	0.607352893909728	12.7348063801884	0.0534092164834414	-3.73240328607872	4.57737808851443	0.467251301932342	0.48649145998643	0.918628540962215	0.51813372493252	0.909608406359617
265	-4.83519312418816	-4.6842691675837	-4.93098030000178	-0.323735827943995	4.90912951021186	-10.6182708304974	9.98775571134152	0.877070643156637	13.7392260954395	-0.0527263143779235	-3.8832732790855	3.61298595442539	0.47026582644052	0.503140599839315	0.903810284664438	0.495038569023724	0.892453205546003
101	0.369120210749341	0.531556484647936	0.228566430240272	-0.210989255978292	3.79402423029031	-7.23214602293231	7.47349228776127	0.435538866781909	11.048058576363	-0.0520172217789666	-5.33110326300426	4.75503130835044	0.467251301932342	0.767330649654099	0.969269970282228	0.465115359172672	0.895045619847603
289	-4.47916296738139	-4.30700672200341	-4.61021307469694	-0.275123493259444	4.39716710662874	-9.6367692948458	9.79433035139735	0.838886769339952	13.618169952759	-0.0504435656897801	-3.80756981741317	3.80746008048089	0.473006303266173	0.550353926690328	0.91511183609687	0.503994713238508	0.891139959195193
121	1.21155255663841	1.19908459216186	1.21908260888027	0.145033196450586	2.54282218131304	-5.01000878143377	5.00795807220268	0.399972685205597	6.43461481998649	0.0504252581403197	-3.89476394169983	3.98213346649921	0.469443683392831	0.551623665847231	0.932392366894368	0.640760032433679	0.93508415333272
247	-1.67980405724228	-1.76490933447067	-1.62123705202759	0.204567303114227	3.72264495243727	-7.86094691074336	8.61070170432179	0.597784987950064	12.1684861033411	0.0500933585821287	-3.77492490119171	4.65357055015789	0.473135965080988	0.624106379775878	0.942581299348248	0.548757631866116	0.915834535281196
250	-2.08082012581055	-2.3118384535399	-1.93109212715563	0.230477395056211	4.06518718140989	-8.88002797754039	9.28484920017091	0.670984585485072	12.4966953023374	0.0497448943798365	-4.07325297031796	4.1813690571956	0.47026582644052	0.626138280987079	0.943301578204498	0.555100763597318	0.91271710415349
186	-0.788550725506634	-0.537193751677902	-0.910787967037572	-0.265217028884233	4.5048606868545	-9.73944610997182	10.1379227757836	0.548172063852509	14.0181120940311	-0.0496649971843478	-4.6908354273567	4.82367462292415	0.466429158884664	0.700973772279357	0.961350940489244	0.538439755046176	0.910586554560888
298	-5.12576412683493	-5.01755649647508	-5.2023119236766	-0.255806057448297	4.4244171459445	-9.73847978125936	9.46761122543526	0.769920816578416	13.1429203623699	-0.049648243033955	-4.18274011602446	3.63651420920648	0.476842970822138	0.467790654488257	0.902643730215638	0.466154454285455	0.884698996693037
270	-4.18037462885028	-4.02124699745828	-4.29740110220325	-0.237419765949054	4.60452650863932	-9.92150429843913	9.90978726189428	0.868314478523423	13.7318787992812	-0.0496453620448505	-3.91535883394052	3.75425841527062	0.478070175576185	0.533535234732027	0.919534125524147	0.520012104164855	0.901056017865966
23	4.99516607650654	5.11445769409908	4.95753786739897	-0.0939582087142838	1.82585711509707	-3.61579157531913	3.15678437536303	0.342296028742888	4.35198145867952	-0.0491785887154721	-3.80404492912727	3.11757427226031	0.478618421186767	0.496380286022298	0.92701456702859	0.586556711172425	0.932652985203737
130	1.15196157764381	1.22076280135278	1.10103452132512	-0.136550851124717	2.72880850521041	-5.34811158718929	4.65980683728147	0.499748424048502	6.45893772114731	-0.0489020141494963	-3.50549155012856	3.16262873252898	0.480679638378154	0.650056408181386	0.952070660923893	0.664078902632597	0.943116793188916
127	0.580648121236876	0.755185575884575	0.458079531383279	-0.146938288131568	2.70120137201019	-4.87313855248321	6.34981513410333	0.399756481331449	7.16415259609864	-0.0487393963536066	-4.00904593648483	4.93399530019712	0.469024123001734	0.70009305693116	0.961240585166972	0.583514759249968	0.924406934030029
106	-0.00694278202557186	-0.00506797916986823	-0.00876772138848292	-0.241337715965067	4.30027471759521	-9.4701742688566	8.36701746810393	0.674631176449729	12.2770939930008	-0.0481169216653028	-4.51944982615113	3.79159463633543	0.47328035094874	0.5648025272246	0.931224957982236	0.636788357824341	0.934710271218477
81	1.60648102556114	1.38875238740814	1.70434639785493	0.155305423838044	3.11839882591076	-5.7075604119216	5.3730727855133	0.396281880859466	6.82705812699283	0.0479918475013641	-4.7363077806658	4.18261471088563	0.472313596665132	0.779038294061638	0.972890464754369	0.550392145329549	0.91862937548365
69	2.53934674301181	2.54873653836874	2.53438568535868	-0.122082711470391	2.42659065394835	-5.3512901820693	4.29490974899428	0.404958767617273	5.9845901135986	-0.047207927646576	-4.28288838437046	3.55107507136604	0.475877193133864	0.477270161786986	0.920118342734982	0.599684467343352	0.933481108027839
274	-4.56208067708583	-4.70418491860311	-4.45248531007539	0.253651364311082	4.57954413081289	-9.55205157672615	10.0722562485104	0.845633389811529	13.6702806326511	0.045430395803076	-3.66887048043821	3.81757064893626	0.474102493996443	0.525476107070342	0.918516586393222	0.544654515897921	0.906225235907921
162	0.175249919780943	0.0575330426447769	0.259665006061448	0.138627354501786	2.82183095373568	-5.34195119623847	5.7590637112399	0.480845190665601	7.38873334638331	0.0451751469198588	-3.67592408019893	4.0467200316455	0.482049876791028	0.698295877753499	0.958720354519543	0.611316700250297	0.928380308352737
113	0.629360039138824	0.821079304121773	0.474563805658144	-0.184779458344201	3.29267707081075	-6.82507743214936	8.34777709571694	0.507589500494373	10.5986062536744	-0.0442765295491795	-4.23009494885378	4.65218033373949	0.478892543992059	0.80198095691169	0.974287066024704	0.65865603591233	0.943537882933696
236	-3.01334591524056	-3.17396836890441	-2.91358359190886	0.224842323452572	4.60789884324339	-10.213373901868	10.3387602271934	0.805466881508855	14.4259693033942	0.0442012795973908	-3.84403238061701	4.10361897787686	0.477796052770893	0.602866398608101	0.935382268313974	0.604624718787703	0.926913831662574
223	-3.51655792506935	-3.71467741756687	-3.36531870263747	0.229444288923204	5.00719679330176	-11.1331717198906	11.404960800296	0.866613331684726	14.9176339869454	0.0441375028445769	-3.70201650381914	4.35547610770602	0.480679638378154	0.574159032303398	0.930091454304161	0.603051842206022	0.923906809060502
255	-3.36895609588349	-3.19977039888093	-3.47879799522917	-0.235296707284895	4.8349763045817	-10.338421654279	9.89626528310838	0.896496639691251	13.9491305098516	-0.0441102990576666	-4.06394673198734	3.62510285899668	0.476842970822138	0.607293263845956	0.938413220582294	0.613518516167357	0.927279961655225
125	0.624880243948795	0.779647605962634	0.53989013844391	-0.118060706124453	2.50239249913479	-4.84255472037651	5.34309787622977	0.353419600995477	6.16936662119553	-0.04340110217476	-4.46612293136044	4.74039024629617	0.47478070191271	0.790797539611343	0.972248972833187	0.628395531549809	0.934684143982321
292	-5.06572115392052	-4.92397290724348	-5.15693062536083	-0.220706892057162	4.47344569266729	-11.4558129429936	9.12989156762611	0.834337092429376	14.1183043224313	-0.0425089665133273	-4.29352141735087	3.66324604952118	0.474232456302135	0.47857052013159	0.89554544246987	0.504240682370295	0.891318716737679
296	-4.87605843302772	-4.989242938091	-4.76131342536207	0.212078399255654	4.55482350552097	-10.2786394656755	10.0688342415557	0.769674365505942	14.0670724431532	0.0423855643057311	-4.11620922442437	4.27238611683291	0.479714912407935	0.560987383411916	0.927954075335459	0.561348212492284	0.916020116291124
43	2.35354284257207	1.98412290990854	2.55504028077792	0.169639382988088	3.38712788876304	-7.91414102400968	6.21273027153193	0.563855673049136	9.72988635158037	0.0406068440253404	-4.15626411296785	3.86719652656119	0.480131543013006	0.798642881595225	0.976460598183317	0.699962225798331	0.953056083388201
260	-4.21760983325409	-4.30719297517935	-4.15140021376293	0.212327215484824	5.06688499637396	-9.69791540505109	11.4698265118606	0.990109605036165	14.6294196525012	0.0404326091293373	-3.28892287608798	3.99780553721509	0.478892543992059	0.531720825414995	0.917355752685352	0.599650081037637	0.918809942580454
195	-1.44540484075395	-1.31964619290914	-1.59085671960093	-0.197227379023246	4.44197431361458	-9.59177620391534	9.54078029119435	0.579412727196157	13.2292137640703	-0.0401378126766928	-4.85998266471453	4.75170041008594	0.473958333496849	0.633233691744563	0.946467642628477	0.600259203295053	0.928826453915066
141	1.40862833323716	1.47035776054899	1.32504469793831	-0.110167932575652	2.31056672756867	-5.61947112177493	5.0626861113447	0.400271013118861	7.09843560892447	-0.0401042910132129	-4.38803582967984	4.12065562629065	0.480953686060729	0.728521290607913	0.963086371250199	0.774636664462992	0.963435726516994
211	-3.95800577450057	-3.83717849476656	-4.04312940202675	-0.262482113315905	5.58303958752919	-11.8694061696639	10.9691915510813	0.955512711683501	15.5377066729218	-0.0398506184946738	-4.23382904517845	3.53310065226973	0.47465058936158	0.555813111234617	0.923927695171398	0.615632940069274	0.925118553369882
273	-4.39474543564914	-4.48404322542878	-4.32438834017077	0.221281043528063	4.90418499128362	-10.2997889060418	10.6269239324618	0.908000838707491	14.220304329439	0.0394501088615629	-3.91458047998854	3.63598937581279	0.481907894850282	0.557375112485503	0.927263813374129	0.570075065771655	0.915928034230835
27	4.42311074880651	4.35676795397188	4.49441818303891	-0.117186012883176	2.68027703506221	-4.83447637742897	4.41917286093613	0.453299210301102	5.5264150194588	-0.0393847964076387	-3.72839807990283	3.22831933160977	0.483004386071461	0.689455068310503	0.964668578894932	0.743594090299207	0.962150171052206
158	-2.26475408710334	-2.08263469977438	-2.45645671583166	-0.233429377941216	4.93000900014691	-10.6114319718211	9.57733610808764	0.863732429423149	13.7413380041558	-0.0390723265185331	-4.33631474540784	3.53941607175537	0.479583447647859	0.577134424865139	0.935591127235344	0.67794636022009	0.942688923091481
116	2.05036159970173	2.09915317100603	2.01801775278244	-0.0754930765052757	1.79955527790007	-4.38336199581571	3.85213760022151	0.272608348619525	5.13721054311195	-0.039065894379857	-4.99747699575688	4.24572955493932	0.478070175576185	0.658825990173487	0.954981026141141	0.663245506064595	0.941608724823277
74	2.60783508590312	2.71789002879262	2.51148594523358	-0.0886012758723194	2.07604164775553	-4.39502497623392	4.27742331478527	0.325687254451287	5.6741375476712	-0.0388889675217194	-4.00866266361383	3.95499905736252	0.482456140460871	0.902548897812845	0.986764432034873	0.706454242256392	0.953668625810473
168	-0.868897223502389	-0.840196810659799	-0.883621506129272	-0.187025982086372	3.8852679529017	-9.12196821099198	7.40078590264008	0.659876144744439	11.6731193623536	-0.0385566757857036	-4.4593219248375	3.47426347085667	0.474924637044148	0.42737949079938	0.904419262038866	0.654887317386339	0.936969342267363
201	-1.11895196986306	-1.21398280435038	-1.06809435151196	0.163099331682528	3.54121681605239	-7.27809367322545	8.07295255188342	0.522030379197999	10.6992349286143	0.0385510581714343	-4.51332782383881	4.83539679628921	0.474506579107422	0.643737787896109	0.951547251880527	0.654772694251127	0.93724818260021
10	5.16866783281907	5.0104773270422	5.24785344046386	0.0900994466719545	2.30938563620943	-4.0584899668292	3.80067437875009	0.360982346085124	4.59059389555653	0.0383241320164057	-3.31695110129623	4.01708282852629	0.482049876791028	0.701844750947133	0.965602286780249	0.705845632367324	0.956637688071115
75	2.66441270236431	2.59244417529407	2.70950913495012	0.088819364067513	2.25066429702302	-3.91413668618669	4.47403725600518	0.344090089309189	5.08340076119307	0.0380568574383494	-3.6565326846045	4.47973468218796	0.48040559069558	0.58922153901869	0.94558315196728	0.725746443179115	0.957538439165427
258	-4.27884758258821	-4.14373650088233	-4.39098596934967	-0.211883305504622	4.88925157520656	-9.77951243829562	10.8752412009376	0.888682575000289	14.0468671952154	-0.037894645068135	-3.71760592973342	3.94942742883703	0.47876130460014	0.570044131879055	0.929168649029726	0.587094074468778	0.919031188419041
144	1.25381156129325	1.25304727732519	1.2546216763442	-0.0864035705423438	2.02920256837823	-4.24670093540244	4.35197655864545	0.381542600385046	5.83577490035357	-0.0376829110434203	-3.72558138874404	3.56135787976594	0.484100877292642	0.794044231031469	0.974575074292606	0.749456346394971	0.954759017647235
286	-4.33807095144928	-4.44414718776767	-4.24659465262958	0.207063647225179	4.56834568367887	-9.47420727881345	10.2781536558356	0.84673461566529	13.5669049286638	0.0375775418646992	-3.53235906779817	4.17973149522306	0.478344298381476	0.54365327305674	0.927992891033172	0.54779250173096	0.914183832517729
192	0.375478083725111	0.363861901719178	0.387475917444633	0.109331237228031	2.71968018027785	-5.36345111457341	6.43366651596339	0.469325952158489	8.3771692296359	0.0372942967042306	-3.63008220926719	4.81284058398128	0.485338448981946	0.559034145437753	0.934457550485325	0.699457146249689	0.946392081020001
226	-2.45283698887331	-2.72934034064696	-2.29080890559658	0.208945581063883	4.68108873362099	-9.93442691237144	10.0572636874009	0.77070995704795	14.2646215490781	0.0363302117893315	-3.92560261354253	4.14722581131254	0.479714912407935	0.66048824071871	0.948545617003247	0.637826671697715	0.928919024418538
146	0.304983045074048	0.386307324565879	0.240377734820515	-0.15021201234766	3.61128375313946	-8.43841251761694	7.39635843079258	0.576390530899343	11.2416501875149	-0.0360304669186158	-4.38370918151661	4.23790577393522	0.476842970822138	0.708182691367861	0.957710622734214	0.713344946449987	0.951866653178909
83	2.67937666949245	2.57393647286583	2.7366023893725	0.0840928623107571	2.1291303116574	-3.71525477410248	4.13280386466957	0.371440661734777	4.85415391976179	0.035929525177478	-3.28415065814708	3.69139182969619	0.484100877292642	0.746293229728597	0.96817093114855	0.763141041358313	0.961993627551316
114	1.92202022644254	1.95560033308556	1.90443020303501	0.0892292427383561	2.39696975404628	-4.56822001339695	4.45995890248283	0.405742750517694	5.43915946515453	0.0343972438812729	-3.57542868689364	3.9578429109316	0.481633772044988	0.84967704990923	0.98139180143257	0.766568902200561	0.96260886734949
257	-3.02389110943632	-3.26367311888466	-2.85244698817585	0.182366065991094	4.60447337667703	-9.4767685407091	10.4191093799724	0.803609902796039	13.5190655603482	0.034125791690512	-3.83121776867278	4.0696945690539	0.483552631682051	0.565643809690418	0.934884189313098	0.620909444271359	0.929929140117637
227	-2.80495808973042	-3.23263975550498	-2.4910888219605	0.201339939357412	5.07143190528535	-9.58497971721157	11.5358838533671	0.831947969758771	14.8133789891455	0.0339663898424962	-3.5409209021227	4.61481191215665	0.482323924473603	0.48835296059361	0.915380043375236	0.596549170823494	0.925619852342461
72	2.00756542371479	2.04293189562172	1.99013506545008	-0.0974331679994958	2.50300713542666	-6.00022967727741	5.55002676758076	0.381780330124907	7.4298513733574	-0.0337208299390569	-5.20967828749941	4.06276933723952	0.48040559069558	0.488851902824699	0.922001765600074	0.610983519849844	0.932779938773444
22	5.11331618784789	4.994644103489	5.15659651629667	0.0760076705311028	1.92528913772255	-3.49502094515873	3.55314369428602	0.35082981682457	4.32654761127689	0.0335928396932934	-3.22182904305734	3.51736787711979	0.484375000097939	0.697333199313648	0.964854046181593	0.674768863402833	0.951477739715784
187	-2.91384387464148	-2.73962310813872	-3.00906253216587	-0.200706384562047	6.00056083330758	-12.199157149124	11.5138047697946	1.1165952930901	16.2412094237398	-0.0311856779858672	-4.01416349576517	3.36992918651867	0.483694162886483	0.641500142938836	0.946497325652887	0.678190000015535	0.941882553880423
182	-2.23753242192666	-2.28115684598422	-2.20666885659397	-0.175609875369555	4.74978017224164	-11.0463643508918	10.1554355189857	0.787984459277408	14.654723795203	-0.0310700382854071	-4.12136233011204	3.85547442278101	0.48479035361679	0.630670750574397	0.945340180374918	0.661906947526024	0.940272471827265
204	-2.42162158098684	-2.23475023689871	-2.61160134995262	-0.187849587680146	4.92204049833477	-10.3162985721079	10.5702802239808	0.855468028400816	14.0209727969699	-0.0308393125749175	-4.18964267966026	3.7358404314396	0.483420115203907	0.618889015552464	0.940502596768011	0.66662115605408	0.939196875115869
228	-1.34506586960174	-1.21025454215023	-1.47456888154852	-0.142503452412319	3.63513874800832	-8.40900104332767	7.72916488238571	0.631766383005192	11.9016825497937	-0.0306147993393199	-4.26008936129956	3.73727575099562	0.483146067521331	0.627501033116914	0.944185563875005	0.660331079922734	0.935945129404698
47	3.19401855992476	3.22290105547025	3.16409693061454	0.0745872594842911	2.1447668061306	-5.21531081142679	4.4661868215134	0.328943990708296	6.02099511999696	0.0295646848048154	-4.2718492846192	4.45134896171138	0.484242258251637	0.915302426483034	0.987661751705692	0.836088686481832	0.972527157928869
181	-4.42480645502423	-4.36330881653399	-4.4550692759928	-0.179256615201948	5.84996673186724	-11.2179918109757	11.9386246788327	0.902897686127193	15.5547706437839	-0.0290953604114984	-3.95478329036724	4.21732174207386	0.482872019838755	0.647165446608019	0.945074388979296	0.636839782638161	0.931625196634118
45	2.42202239029178	2.45244827650104	2.40180154892435	-0.097994068404339	3.4112644135384	-5.74799386046226	5.47748614016603	0.402328709111006	7.08943126979184	-0.0289980712036484	-4.88337680005158	4.07788620993545	0.482182017655577	0.615822548809978	0.951514816545398	0.684359742929104	0.948777432231838
252	-2.69408314270573	-2.93354349865404	-2.51522572329736	0.161972582945836	4.60158186128492	-9.58955042241829	10.5032568574373	0.817714809528797	13.9431012624278	0.0284908695972926	-3.90804028220873	4.32791630168237	0.484375000097939	0.590173393236607	0.935931185071408	0.611587137070046	0.926206892643796
234	-2.41806913197746	-2.41470010892545	-2.41983916883437	-0.151278783890143	4.60768859710832	-9.854545933435	8.88697113330307	0.742251920458086	13.15249716179	-0.0284032295060279	-4.71168924781821	3.70355171268758	0.484516305934214	0.580709278243056	0.929124944748521	0.65368263451988	0.936614830757286
102	2.16431422356054	2.28590973848248	2.06251702705316	-0.0674339049181558	2.39357063414818	-4.27784346534862	4.64025094453484	0.430849735599013	5.72353957269812	-0.0274237719243365	-3.54661294866987	3.51735940630677	0.489997259585785	0.86086663129813	0.981579134652944	0.806101372632164	0.96926751616636
103	1.02181863556025	1.2065382894499	0.895184715587578	-0.0982640036401623	2.98010268195234	-5.37408243520663	6.1188671989303	0.549303008931065	7.29593811854346	-0.0270450599674718	-3.52951519773435	3.65840069788557	0.485745614124421	0.842858887922599	0.979390660898675	0.783829566265387	0.963765188146715
269	-4.23631132830269	-4.08377781596682	-4.34206159040469	-0.14810697961609	4.84256001565964	-9.93820317655793	10.0657188243325	0.879054555897197	14.2715047271783	-0.0266287872225041	-3.77029370037148	3.88387674811285	0.488212719372098	0.591676870728373	0.935691569458352	0.592882687638265	0.926864190907495
110	1.52430906861944	1.58763444428657	1.47327704339529	-0.0658119868271472	2.44951360828696	-4.65173268857974	4.71062082943373	0.366792756062112	5.80170184534968	-0.0248911723808383	-4.19584425887206	3.75289451814674	0.488212719372098	0.839978118970469	0.979586400641887	0.815046371931563	0.96897804906557
71	0.826755341581714	0.732398876666005	0.909554226992443	0.0991845578493926	3.66402604144293	-7.1067146806104	8.65251185358029	0.610830017692602	10.358273500965	0.0245289456820935	-3.59629638087238	4.5513048310545	0.484649122903234	0.434164237853967	0.914172011331612	0.661411371919601	0.942122665323899
232	-0.625831659893235	-0.586577783895968	-0.666635561380915	-0.056467259615995	2.11333797597539	-4.92933376144444	3.82649045973911	0.393180048449573	6.76882337420485	-0.0236830244467883	-4.38211940468252	3.19645736074346	0.489449164220625	0.528571760140556	0.928381404206593	0.694864383738174	0.946286553658566
12	5.4300331305528	5.42982763208416	5.43010526872765	-0.0416521037367028	1.9171907305354	-3.38980013400947	3.4016342867048	0.346747268986914	4.07587224336944	-0.023473854411147	-3.41503382007298	3.34289025727478	0.491915593363846	0.871500177428572	0.984040201302864	0.83830541966947	0.975647782276879
30	4.59886342884417	4.7110764376685	4.47873522988521	-0.0441136302291185	1.67186424578061	-2.96583142640386	3.29500259905686	0.293752392530426	4.07078558792588	-0.0226094924723385	-3.50196783754797	3.63114166287181	0.490953947425085	0.92052719043631	0.987410290520681	0.733850850853144	0.959489172340844
193	0.219572992921341	0.17453160844658	0.250351023137045	0.0621147601564118	2.34939367488042	-4.56987283173155	5.35405466660894	0.406985304131539	6.84166790204546	0.022460045646097	-3.63610655913242	4.1046153670725	0.487116228150907	0.635534941127538	0.947953478657207	0.671040243376396	0.942406910241433
282	-4.28025096690524	-4.30246438664175	-4.25333161062391	0.130238360476455	4.78431044816298	-9.74141546238691	10.4329245774521	0.89722474730019	14.4038173721209	0.0220820964355927	-3.54841840889966	3.79960326150991	0.485886544347101	0.580768926980714	0.929787987675602	0.621346346995995	0.927855820194802
35	4.44416723230758	4.47572698416258	4.39579220260795	-0.0367153682731587	1.59670817971034	-2.91718773992659	2.92694454468819	0.295062291657937	3.60639244140192	-0.0206057848405933	-3.28877641531929	3.22953489492268	0.488760964982694	0.864151202705168	0.982756345918315	0.796966845550158	0.968992158168979
277	-4.22714701956726	-4.13687653577281	-4.27997759476415	-0.109881406966752	4.76577522849925	-10.818826277786	10.175880361333	0.8121488776762	14.5374619597176	-0.0203967970806138	-4.28984906061952	4.11109029625311	0.48958333339859	0.582554487030848	0.928612136805903	0.590486973283622	0.919219558098496
200	-2.83678061884538	-2.82186109033735	-2.84687716646084	0.112577576968408	4.95493418027329	-9.55687602527582	11.4556726492899	0.78967038644222	14.6664694789366	0.0200358050975949	-3.60410461867252	4.42875856808303	0.489035087787993	0.53360767205584	0.923844900939326	0.668241405392928	0.939142230112695
25	4.60445879825767	4.48784011320233	4.69525713718562	0.0421192438854718	1.91634741909707	-3.46975868048043	3.44732389653311	0.353719856707695	4.13955506520108	0.0200160595844808	-3.36327391930507	3.54725050061451	0.489035087787993	0.899600963081469	0.985566271700575	0.795240677280894	0.968891413593915
191	-0.867079306684492	-0.869346084947959	-0.862239851868777	0.0948097179039422	4.22278382816095	-8.32958211648216	9.28790074711836	0.734760586932542	12.4467933259235	0.0199232735500269	-3.74831705076472	4.43740055632192	0.489857456203889	0.602267744770753	0.935032012765525	0.732307784731331	0.95354841035892
237	-2.81992117574904	-2.72459154346795	-2.90488864260402	-0.0934832523799036	4.78208438690777	-9.96670925748066	10.1003294233095	0.77510939594238	13.9503714835771	-0.0196639008759546	-4.37744674722206	3.9365122560158	0.489857456203889	0.70579819393424	0.957153173370255	0.729091560787006	0.953583033453938
93	2.69813764704164	2.67009197074596	2.70844098251735	0.0471011161357175	2.25511290282381	-3.87280011951961	4.22025550843602	0.427224613643009	5.00645405614714	0.0179964516669459	-3.26984293647785	3.6671777632172	0.490131579009188	0.769127027990119	0.971801980909827	0.860181511308059	0.977877241258038
133	0.696478433850432	0.640506081330138	0.740390522344389	0.0488316495469148	2.55980560727044	-5.3120420361283	4.96284411744245	0.418308405895505	6.49889788591058	0.0178641109187663	-4.05743148652667	3.6119123138789	0.490405701814487	0.841791837145876	0.978385065633893	0.798004379819542	0.967084380981409
275	-4.1494858681196	-4.10920793834767	-4.1882011341782	-0.104532223911598	4.66222813423153	-10.1488494473838	10.1154582094559	0.81716898839989	13.8863699315358	-0.0177686902677836	-3.85842014379848	3.91733218379322	0.490271307268364	0.574144263341417	0.93081171404166	0.57192297570607	0.915498272665148
264	-3.63826369186105	-3.58276326152972	-3.68152500005665	-0.0876835709581512	4.54365142402368	-9.55089492192358	9.70236251989805	0.839782872723102	13.6807929245544	-0.0172670838414587	-3.95268977574886	3.80551235197735	0.490819402633524	0.603055568896727	0.939257492163544	0.632907473586703	0.932809140899804
70	3.66297658481163	3.6125790156447	3.71989980804404	0.0339974925748252	1.9227984830587	-3.29416670488363	3.67183808872647	0.340566653204569	4.36772172013547	0.0169333662785707	-3.32664965625464	3.67065828557082	0.491502193035684	0.78259758063159	0.972876328364702	0.871246730515434	0.978926002079025
152	-3.71645570840283	-3.76670931974539	-3.67981962985981	0.0967166778836637	5.41195104439121	-10.5811649599365	11.8984741748701	0.901826857002826	15.4348258340352	0.0165120904635527	-3.666455357816	3.9857981881577	0.492189641046427	0.651916100213298	0.950971575376547	0.665705436005128	0.939587642822979
174	-0.44173765435339	-0.498378342205248	-0.379705115789887	0.0622422715855562	3.14362970249244	-6.51922906063133	6.34851431668872	0.494255398073078	8.68340351793019	0.0160545714294672	-4.16613804981303	4.22148164054815	0.490271307268364	0.760028049487882	0.966292854821166	0.722765111727271	0.948670649926689
108	1.92177242603173	1.91800688867658	1.92483894076263	0.0339424958674028	2.09926181974356	-3.74633892878791	4.16542219854034	0.32331937979058	4.79268899866082	0.0160506531791568	-3.88871368261291	4.2444048236468	0.492189641046427	0.708277276348461	0.962464311399138	0.800899816695623	0.968385879782684
36	3.03484110885049	3.07142354145326	2.99982734008479	-0.0384283321625762	2.73597281466997	-5.4889803243553	5.01839913293557	0.326515468782126	6.19452556423722	-0.0160118772282089	-5.22517731828353	5.13874058170874	0.489723211903205	0.746166590094154	0.971480231472979	0.783685866132196	0.964641950186697
253	-4.08541435763633	-4.12473472731066	-4.05071120659522	0.0861500658497176	5.07511242493815	-10.6585806911855	10.4702922279723	0.961970814035902	14.4442656807342	0.0158691846917123	-3.79895853783571	3.7216716667909	0.492189641046427	0.606263452271271	0.936337795352494	0.625882118521921	0.931017611071776
126	1.31520312201311	1.35792214468129	1.27583990602494	-0.036795542445903	2.03646720704699	-4.97700128892765	4.38196554913014	0.310055020134038	6.03191127319569	-0.0153961158583864	-4.85240952726249	4.11792697115933	0.491502193035684	0.732989092743054	0.963856846345028	0.790280303745044	0.964113946624249
249	-2.7050407775062	-2.68480603276768	-2.72279974509716	-0.0875158902752	4.514839053904	-9.47114817182317	9.67366571697372	0.729742148163546	13.8600364051351	-0.0153664023810612	-3.9440970325914	4.197094269963	0.490953947425085	0.631583885125148	0.945733892889448	0.671773726552901	0.94198739056349
134	0.435867331962436	0.410214137813843	0.461607937785744	0.0514183770365255	3.06227423241905	-5.9478620589342	6.19025711958962	0.392979180810062	7.62021783731877	0.0152077532962027	-4.4175725481647	5.10947200182994	0.488078925807728	0.653047051967711	0.951173564956567	0.702919920924099	0.946971331190192
217	-2.90602064064511	-2.80625234211655	-2.96392254973128	-0.0821192055888638	4.96433820081458	-10.4036932873828	10.1041395877271	0.854219982106447	14.3341901129379	-0.015195743160673	-4.04717847957985	3.54567079793441	0.493421052672783	0.65107543372654	0.950404229551206	0.680731060485343	0.942844857245468
272	-4.80821037942992	-4.82545029916719	-4.78589732860932	0.0794293131021462	4.73356888343115	-10.7782828158485	10.2033075716343	0.806335771774535	14.779849438228	0.0145247381084045	-4.04530683057961	4.06369853072688	0.492598684256883	0.598191326130107	0.937735001277637	0.587283149233511	0.925383224043601
188	-0.794868412548019	-0.773618355635311	-0.808102344202059	0.0522718112863076	3.71217004608451	-7.19906312588901	7.83507847246383	0.610733010143954	11.1653906310934	0.0138960662733491	-4.03676217624663	4.16042328130669	0.492050438646284	0.716449909287043	0.957833100502462	0.781907067032358	0.964990306868483
3	6.97660282109779	6.83641285361979	7.10389659056223	0.0269323837790374	1.49388530012339	-2.75564993806127	2.61410395855455	0.272814582355552	3.31172064950086	0.0138111969844491	-3.5638572916475	3.33325461577155	0.494791666699284	0.91770043679692	0.986830480032702	0.803980073410487	0.970110588156203
210	-0.521804595395719	-0.534187470851196	-0.510596002757141	0.0419350893304946	3.04701474397445	-6.02567684663472	7.27840206805931	0.494459215133031	9.75051373316595	0.0137637803994021	-3.75990489602945	4.76794008365472	0.493146929867483	0.61579351780159	0.942697568964595	0.751158403860121	0.957917539915335
214	-1.62991460252597	-1.68805959241466	-1.58520033499479	0.0688225470194821	4.41892885967178	-8.88822816387676	10.3743286482452	0.735384384836956	13.4476762913754	0.0136321150785655	-3.76709663312304	4.45690198543334	0.492598684256883	0.625325830563386	0.948789531804551	0.737956353845864	0.954187266643511
280	-4.78864370815185	-4.87896326836898	-4.72955742418695	0.0568466520786091	4.43808789818945	-10.6873309019307	9.19130182993063	0.754940737034928	14.5692069989132	0.0133141813224551	-4.05464467670428	4.01777037103938	0.493969298283383	0.545703417208328	0.922099035409173	0.529936546624602	0.899121659040373
84	3.29896074695487	3.30341058160794	3.29552680362552	0.0222051855703143	1.65563776130249	-2.88012665774258	3.06009081678712	0.295850321996971	3.71459149436404	0.0115922171895111	-3.44223250237623	3.41623338251969	0.494791666699284	0.838449857717915	0.978416711378357	0.873668309816152	0.978501614026758
128	0.617468394734594	0.626918967209136	0.612935989577212	0.0377861971668159	3.3819075991415	-6.10493283127958	7.08640868304838	0.568066006385544	9.09028871187381	0.0110644228302927	-3.57278244473713	4.1339039893604	0.493833927141912	0.710574534559244	0.962076658327438	0.852895830986659	0.977004401671887
11	4.12883469194159	4.05845479436226	4.19140717473993	0.029415119090471	2.78014358915892	-5.48970527560551	6.45799893956867	0.40021343988057	7.72153979139146	0.010169971653713	-4.07224497896243	4.81791341811193	0.495065789504585	0.744151734329613	0.969973615251134	0.812065873600203	0.97097478181112
170	0.529793219974561	0.65733266005314	0.461173985612356	-0.0309351542850553	2.63329991549756	-4.73000645573036	5.37577688038892	0.467321581363102	6.69748607207117	-0.00898697391032176	-3.62386645011167	4.16747674075917	0.496300356285145	0.778871706629056	0.972292840283207	0.793946944762554	0.963863943026657
118	1.30937864809696	1.24709840266703	1.34917826303862	0.0268072134184445	2.7698974530439	-6.06229911050103	5.13613999754565	0.465070545851285	7.10765737977643	0.00897840308851651	-3.91396835474856	3.53266211543462	0.4954782132374	0.825416044707417	0.978646655185741	0.804379113687881	0.968488277203918
105	0.622846535973084	0.726038232646763	0.552512865217953	-0.0359108664969501	3.18882081140828	-6.92909722246185	6.75000695144511	0.440661918816184	9.30919991762789	-0.00838930713572152	-4.51505834883661	5.23222077850401	0.49328583177675	0.831906603258178	0.976590644254565	0.814341783007687	0.97087062332188
199	-0.36098334993873	-0.380940465186747	-0.342646789520475	0.0278794464258096	3.10683678529329	-5.97677013472268	6.40150367877759	0.550735044020843	8.25721988144853	0.00833585398596109	-3.5641858231315	3.75935972061103	0.496574403967727	0.759173761768913	0.968291663236126	0.782294501649343	0.963798550951135
222	-1.85999585227243	-1.83446442565704	-1.87267864748533	0.0370283585833331	4.2030138519538	-8.48341616264889	9.39147141363228	0.794735298212306	12.3999775994449	0.0083284078480325	-3.6292292590446	3.99959201995444	0.495339912309885	0.59928553406819	0.936851544900387	0.701939833152795	0.948749936183924
112	2.05627118922275	2.07474284760639	2.03470984254713	0.0224862690716083	1.85973321726019	-3.52610779279	4.02383606542927	0.327996739299202	5.24443940530179	0.00810428208620963	-3.2934839127043	3.7220353339736	0.494930117872237	0.840895161742732	0.97837071743171	0.85573917190371	0.977596872326158
82	1.50370047945212	1.50306920881176	1.50463893143216	-0.0168019543059161	2.48398112289719	-5.93449783830394	5.57734720847457	0.322462232536788	7.90335148672588	-0.00747008416895932	-5.96185385898456	4.66663989933692	0.494517543893984	0.652905391136928	0.952557162256586	0.831282222589436	0.971305537757114
161	0.424351375448893	0.442157539184452	0.409032500400444	0.0193328328128217	2.6694618705857	-6.4145255038633	5.39081353168652	0.452001705311419	8.26993799055446	0.00650181228454275	-4.15794680359556	4.01786645926127	0.496710526336389	0.782837103759974	0.969579093551872	0.783982644957296	0.964260661554458
41	4.03575847893951	4.01845115625024	4.04607816934712	-0.0133845101810675	1.99733699866997	-3.89972406272857	3.38830669477767	0.337602562470847	4.61691463330616	-0.00626691418550719	-3.78606104068719	3.39145047029952	0.496710526336389	0.81712147266936	0.977528913280245	0.900906914086759	0.981816091498794
295	-4.51871504910131	-4.50648486681796	-4.52653872701447	0.033028285185047	4.63098992080683	-10.5357485240286	9.73113036553409	0.806074254095808	13.8773119988021	0.00611308297890405	-3.85775080901551	3.86495734619084	0.49712249933289	0.526867253591096	0.914463790791456	0.548524092685734	0.906608539134712
209	-0.269142775222451	-0.222892781989635	-0.289405432731701	0.0194858627661016	2.81304121367304	-5.66911257282417	5.86622357641695	0.484632072394715	7.47708807302255	0.00594559039023029	-3.65338736642618	4.01092030323915	0.49712249933289	0.766489847880759	0.970724976508161	0.785984176679606	0.965531177889872
100	0.788667311590042	0.85578197192287	0.73648131362179	-0.0145924068146357	2.77915567433064	-6.28667218714751	6.33995616279155	0.419036957966458	8.10019416272736	-0.00557776583756022	-4.20310418784533	4.50158597367042	0.496574403967727	0.692269983825829	0.958585442417904	0.791500870230498	0.964951887624304
44	3.99056871951788	3.83602804606251	4.05235172915095	0.00928079511946134	1.89204552743429	-3.38573351891594	3.46164873325321	0.309206356306527	4.20968372596287	0.00556524003141914	-3.50973356352397	3.78965124110368	0.498629385973495	0.902288558597882	0.985052221788358	0.898337929495478	0.981800810179109
37	4.09090360994042	3.67616111037738	4.26243395502291	-0.0124381022246753	2.18461145243854	-3.77266913320398	3.6063019373425	0.371817451707672	4.57595347600522	-0.00550633040875418	-3.52153691086918	3.36544652815686	0.497396547015472	0.919593706260061	0.986461316262663	0.911427628425349	0.983601950426208
78	2.70323729179939	2.78980048161768	2.63054355914797	-0.0117027155358045	2.00861305778081	-4.06508484822556	3.81441516021875	0.358567761210887	5.00136443196772	-0.00473740057854724	-3.74113980163516	3.62606419525721	0.497396547015472	0.858530181217156	0.98188164018188	0.882064545703684	0.980089508995817
284	-4.87096108698789	-4.82152577753004	-4.91433878171252	0.0220264881270777	4.47904037379444	-9.77069320406972	9.65969163025101	0.852987915511532	13.7701988434649	0.00447144563689706	-3.89955872435405	3.80528649726328	0.497396547015472	0.525961010025805	0.910559399124721	0.548919595919993	0.910735094276263
240	-2.80316784870597	-2.84458980320887	-2.77600025747638	-0.0157414709220127	4.72553910046919	-9.75685383111066	10.9488689325325	0.82335649012019	13.6913737455747	-0.00362011511889633	-3.96253927485526	3.91639214137939	0.498629385973495	0.644172222898051	0.947156624685995	0.716188035166885	0.951276552678005
53	3.17337391664603	3.20957459071666	3.14238098559195	-0.0091590086654576	2.25392375188214	-4.71990050223774	4.31808474753691	0.39469304618996	5.76960957760824	-0.00336686896649032	-4.09838392434279	3.76552675373378	0.49712249933289	0.842747629453311	0.981219815829539	0.871888506498331	0.979005896649684
167	0.589112308286543	0.651937856320001	0.514923583276562	-0.0105314460327159	2.36870715794671	-4.96415513919378	4.92044546950297	0.367904709235756	6.61851189008878	-0.00310327652925018	-3.88756265942844	4.07406672192981	0.497670594698054	0.789653158228703	0.971387371060831	0.791644077942323	0.965896666052653
173	-0.429371012380585	-0.449385145732001	-0.413362487828317	0.012359141040168	3.28542978677806	-6.76701631286884	7.04744923706161	0.512141491217998	8.86728636088684	0.00305185864202645	-4.07058035918522	4.3852163824914	0.498629385973495	0.769130301002746	0.968115106408788	0.779719749400102	0.962270040820351
34	3.14698469224517	3.12199963004606	3.17170195191115	0.00460825847020896	2.37625919921903	-6.05843877879028	4.14914097461156	0.385397212211946	7.0688511249162	0.00287668891181155	-4.90881542055338	3.58309994924404	0.498903508778796	0.396258677137421	0.904354976981126	0.897910114575204	0.982565465222377
77	1.43628103517957	1.44238645312757	1.43352203516301	0.0116141390665057	3.13082727362452	-6.2049369861979	8.46807480447779	0.448631736604528	10.7729699181309	0.0027961215889341	-4.01314576939336	5.29730695437205	0.497670594698054	0.404129955829766	0.903832316394925	0.828399777472915	0.971812572802417
124	1.3700448067289	1.32083226515953	1.41915833848148	-0.00146518418829888	1.93486916223397	-4.79831013047346	3.89662572995642	0.339357840766735	5.75268519650472	-0.00195157316602971	-3.9770196941769	3.81773700640397	0.499177631584098	0.751109476404025	0.967470048243998	0.803413232657384	0.966505276760972
278	-4.57384480216116	-4.52267584726766	-4.61907022787016	-0.00858206944876994	4.87501569489357	-10.4278250167968	10.7934570245629	0.844612769952225	14.3525214632362	-0.00170561987944995	-3.92201311968628	4.11572543021393	0.499040833110964	0.54212596343342	0.92240588818884	0.557878682092671	0.915194620925484
6	6.40897775573039	6.50449401487155	6.37931735696451	-0.00243255770913642	1.54369379478994	-2.66728238777623	2.85258558920241	0.24212532203301	3.39817592233492	-0.00166512305753933	-3.58254443450983	3.80511944076418	0.499451754389398	0.940158353564391	0.989115941107817	0.930171364654163	0.986730869066438
299	-5.03610193512442	-5.01752732352779	-5.04738405372618	0.00624618800958032	4.43703352715404	-9.49623033622848	10.431296845914	0.802309650432498	14.1655019156381	0.0016561647583832	-3.53913142742445	4.30795778897315	0.499040833110964	0.534758005335869	0.920453682757442	0.558040139820877	0.907205995209097
165	0.150287742271058	0.20702303947961	0.1061101692447	-0.00550664237202714	3.08329281670952	-6.12114998501008	6.86067882553426	0.438354719666918	9.10742029349734	-0.00113602895684856	-3.94942088463013	5.18657160894039	0.499451754389398	0.613805103997508	0.946615122440047	0.817506956255582	0.969246188109168
142	1.35508829238787	1.27288562117923	1.40924740256882	-0.00128001881111039	1.97802599750963	-4.15850299615805	3.81616485725772	0.356895006224592	5.56010233209843	-0.000620817829307886	-3.4958393305288	3.70713889817489	0.499725877194699	0.821778782750361	0.978737203171914	0.80999337265349	0.968560547536519
