rab.all	rab.win.Bottom.decile	rab.win.Top.decile	diff.btw	diff.win	diff.btw.025	diff.btw.975	diff.win.025	diff.win.975	effect	effect.025	effect.975	overlap	we.ep	we.eBH	wi.ep	wi.eBH
5	6.47303268708727	7.22418210345041	5.7020412830397	-1.10755203167538	1.57951556980341	-3.68242743786126	2.13195590326396	0.250846403010874	3.42434368425265	-0.676944863078229	-6.52958030038105	1.73141725804891	0.225605016036802	0.00283163963912492	0.408473552829354	0.0030804536505693	0.418139722618296
16	5.14236772510163	5.86920836827235	4.43403507021243	-1.24486528172854	1.85155089221995	-4.03995992212174	2.59819920161417	0.235508936110079	4.00084505711386	-0.640966373597833	-6.31475774021965	2.17965390542455	0.266198297787542	0.00900272375500075	0.445822466706803	0.0102215714421834	0.47817643765519
13	5.26519917522573	5.8990816428684	4.3751181935606	-1.13550746698107	1.72761793366734	-3.89979138085469	2.18578522254838	0.271658392901442	3.8227367989634	-0.627714637367358	-5.88193985364607	1.90015585934943	0.249218767042745	0.0048840044092898	0.414093847071839	0.0056771490639738	0.435411938903184
42	3.31455692518895	4.33530019775496	2.9850748161567	-1.11436480394927	1.77057881245472	-4.01236199605953	2.61794375193737	0.222519110355014	4.21843032133428	-0.581192465397895	-8.08439325974663	2.29725662033164	0.282591738829455	0.0131494478562005	0.469600140770523	0.0256213237632054	0.571863652618141
51	1.56817095411021	2.39460188232887	0.771309276044891	-1.90238789555453	3.32110055215422	-8.32722149087959	3.25908715909862	0.611011926488463	7.40517687511548	-0.533656709412103	-5.92542762701233	1.59201632498451	0.279469178619176	0.00777416055567698	0.428904045553345	0.0178056078293963	0.533280370258346
142	1.58204277332969	2.15933106687796	1.1484130935934	-1.0702727004646	1.92921153020063	-4.41949013232261	3.26225778907738	0.303363128057397	4.85123976092546	-0.522188222015151	-6.55138510179247	2.38734920899441	0.26229509756366	0.0220590061045614	0.518922391171203	0.0161712177046244	0.504162335142646
6	6.51683937263861	6.20419934353826	6.85694415630042	0.753732118540828	1.41737400218401	-1.62944942102542	3.33021997895107	0.238896167554115	3.2475089583517	0.520185774311247	-1.7316883622431	6.02551055247336	0.275565978363862	0.0113484775065983	0.469062567314358	0.018448895280754	0.54747335502166
31	4.21993664963415	4.94178436548444	3.90634720088539	-0.887898192317369	1.76424147977509	-3.93404758882262	2.5228987883078	0.328933417763036	4.16658588484916	-0.48009160713702	-5.16671852216761	2.38912579509715	0.314843760914211	0.034936968122915	0.589712881028591	0.0502070001525919	0.679498760461031
85	2.98677260799126	3.45005145420266	2.57776114415782	-0.793867069277361	1.71876424868733	-3.67911537016257	2.48937539599067	0.292667201474718	4.25443851915515	-0.422449247301255	-5.66809386634751	2.114673916249	0.305230300497242	0.0489889458255233	0.62124518369877	0.0411364889676389	0.646777330001103
30	4.75851791928925	5.15487286470434	4.33461417628248	-0.63692962201528	1.33863689591019	-2.80015763838929	2.0860413699017	0.250374342845474	3.21895673491005	-0.415664310091121	-4.74704982222476	2.58682056980404	0.313817341187755	0.0817455766077004	0.707778525897804	0.0482271674272826	0.670124343095428
130	0.809861522500112	0.32043270821053	1.64199609707226	1.08789295773249	2.52152429869392	-4.34123287164058	5.00408758966231	0.429631353998893	5.9284482638407	0.408173696204049	-2.83375647636833	5.08485732481293	0.333593759518124	0.116841867341684	0.748431871435737	0.0884692130950806	0.74386955440546
224	-1.39850467262314	-2.06474615480638	-0.637847300916196	1.49474214468081	3.50044562518667	-4.56453418206377	10.403723191487	0.5225123621435	11.0376261117248	0.400005248544234	-2.425001853918	6.80568309236304	0.284153018936537	0.0393346138927341	0.551539343202363	0.033232571311226	0.560826851420248
58	1.91048102342748	1.58171432393085	2.4174547517798	1.06871571145389	2.32920185304809	-4.05448130762337	6.49006514715341	0.315298313629678	6.46712132580604	0.396575759753371	-2.09975630252907	7.15853132861658	0.280468763832506	0.0203829387870405	0.522140457560762	0.017855709854859	0.517695055592946
268	-4.25206029532668	-3.12686532259346	-5.01929395015858	-2.15901343677066	5.29311368407604	-12.6669858946571	8.38725123049994	0.795762514483383	14.4014310310756	-0.391575483827397	-5.44185789808985	2.81156271992359	0.32474630210591	0.137793797429627	0.68670147120074	0.121024480840868	0.703630305277956
84	3.65553689093178	3.20148829677707	3.84994085288436	0.805906674081025	1.98811813340706	-2.52325161998155	4.22267601066382	0.304843549712243	4.09683765926045	0.385421312377338	-2.34110430054053	5.03802933404066	0.346604224055985	0.0567141195558084	0.646806544514497	0.096502607394805	0.771429709694822
182	-2.03820378187129	-1.33913433820318	-2.61975334865796	-1.65731205161612	4.28173823123551	-11.6935971197868	6.00195177060825	0.599422179419607	13.4447318938457	-0.37961436734776	-6.97987271701428	2.63982135846153	0.307812511469747	0.0681329632707331	0.5939268621119	0.0596267465327895	0.627754523569369
129	-1.22385138352653	-0.174053100859179	-2.91623759757123	-2.39291069184795	5.94949139281966	-14.2848636231051	7.70455206827137	1.03113826328176	14.7404330349166	-0.375685222000572	-5.81011878261625	2.13206754700422	0.338017183273348	0.0726148522633697	0.640197938770015	0.076251015411677	0.704086332184937
73	3.35197047416932	3.23275678520488	3.97397974011552	0.689608353771656	1.94687829797376	-2.61357033808241	3.95274117108056	0.293590617897816	4.06448608312532	0.366771085182046	-2.79140296875358	4.83039069499063	0.346875008594399	0.125876227207529	0.765912448501384	0.141418011778875	0.827279253453543
126	1.62423094610315	1.9588219614133	1.29988501825129	-0.921406032031951	2.32199150589336	-6.53564833856232	2.74295789293675	0.343462345080616	6.30277289847114	-0.366155184786096	-6.7301628303167	2.12587568298237	0.325781260085715	0.0280455646576494	0.552777459761718	0.0604199010116893	0.687007530688506
40	3.7302111265727	3.99532397880787	3.36792853466208	-0.659821176838592	1.6308522784579	-4.88892874407093	2.26824510941296	0.249267713816531	4.76558993193582	-0.364853782186714	-5.80618333576966	2.40681134151636	0.321623741839352	0.0628561248043619	0.670562541062853	0.0568660066401745	0.690776797517428
136	1.68982483341426	1.15338419167457	2.45621550572249	0.980021257817879	2.38396506541529	-4.61257399258757	5.03682621559912	0.40255991037756	6.6915902625751	0.357134911455159	-3.27771596342033	4.85707692659891	0.339578463414139	0.209025708575777	0.849374031695116	0.0912966645835595	0.757485237980046
71	1.37388068770931	1.87001098030348	0.87558612478429	-1.26965505730154	3.23234200912285	-8.83067453958632	5.96781462381062	0.445490333979266	9.52982209705133	-0.354442314812031	-6.3611164238721	3.11076191059284	0.325526942173056	0.11845689094732	0.755737001109635	0.0775340042367189	0.731752539377806
97	2.21580825055211	1.87296505619515	2.49420040829372	0.614018434702615	1.57873459512943	-2.85605000494752	3.29099660032799	0.266483643694983	3.99947986680178	0.353088497752132	-3.16091914085952	4.55031699673224	0.343481663769079	0.206985702945118	0.843747004744493	0.128088261816786	0.801846143435986
93	2.33230773200801	2.06013578893758	2.7616525018282	0.597488204257225	1.45889463274374	-3.07463825001278	3.72531437891357	0.248158808513987	4.1304167014541	0.348929191418469	-2.79667304307903	5.40934743836976	0.327343759970657	0.100112185620131	0.727081074607881	0.0832407588066805	0.727929902834553
47	3.86779249881833	4.36750801073708	3.40863260591351	-0.890073430806518	2.65711577885532	-4.90114452130251	5.01170313291919	0.423669180359228	6.03170833878806	-0.326487215291786	-4.76684074500634	3.22430973247863	0.362997665601802	0.193680993656173	0.855542481877773	0.170675860561248	0.871056231152383
116	1.98027075937636	1.73749314007471	2.11042116373944	0.718014856900243	1.97518320507071	-2.27942631944161	5.14693904615807	0.305883932573603	4.93319453865492	0.323036504972637	-2.08458530933672	6.60903431572657	0.353906258124312	0.0396976244244994	0.593759549291153	0.10367846618625	0.775406369862573
36	2.53766041277164	2.30888203820253	2.9737235711248	0.674872328856036	1.49465415529012	-3.68781747708896	6.02898766064204	0.201297334108757	6.05850939183224	0.32161821511845	-3.31017221968567	10.6388908494557	0.264637017696791	0.0474492663317823	0.626002400018815	0.0145191946709787	0.479703948131166
218	-1.35839175086067	-2.51167215019078	-0.35136710036648	1.66127867940408	5.05290832046927	-8.12042491862824	12.5538437573719	0.689152840149199	14.0236069811957	0.315026023772656	-3.22185728273784	6.2592531377262	0.332552702786128	0.135706059299813	0.732626825347717	0.0809069041733959	0.713639206025358
124	1.62869286469298	2.02006948787121	1.27196179771001	-0.69736484748109	1.94693402509288	-6.33832698128172	2.73736061898633	0.294208591428162	6.73775076065716	-0.308224684362721	-6.2444154379659	2.61611319053271	0.341920383626603	0.0907422911860813	0.710312378878556	0.111209728670555	0.785730390037002
67	1.98785012941784	1.85420584386372	2.20721128248034	0.66630327525119	2.07320359361446	-2.94729623742072	5.79079684899821	0.30453034880034	5.75271454700986	0.305767243120073	-2.34909752824352	6.77259231516803	0.345312508700567	0.0479201947696893	0.625699407381416	0.114754509646441	0.78214998781354
155	0.886638965250064	0.257111298932234	1.56543344426247	1.120512320424	3.42971086601243	-4.89947906259021	6.78947200881189	0.508819495264008	7.12384161937219	0.30273360346318	-2.55796313957752	5.48812160650101	0.356250007970296	0.125668097896972	0.760464041534933	0.12569428099002	0.80660409045698
28	4.46617159044895	5.37332146847441	4.06010602774506	-0.706775721974694	2.40244027884401	-4.13824075674795	3.64227903221393	0.305413183442879	4.45320524779716	-0.301734776449258	-5.4975285481366	2.65344444637576	0.375781256733703	0.169437227165532	0.820525995578308	0.18092242505026	0.875619816713255
283	-4.0479464770583	-4.60873585895903	-3.34385616710325	1.42700892973775	4.13869754862981	-8.10334308799167	9.57540046371044	0.781162274549164	12.7233638106268	0.30075311705217	-3.47391303965311	5.20966563178139	0.365625007366738	0.297529731216742	0.791294146684829	0.200871373672864	0.782244409969044
70	3.46709308759772	3.85722044897823	3.21570968138979	-0.540574056405708	1.74196178953371	-3.46984313729626	2.98756019349145	0.305530084684341	4.15528216789383	-0.295353023028528	-4.56886567965508	2.97726495934481	0.3796875064955	0.241358506306089	0.887143922514107	0.20658351402736	0.897438725886736
114	1.79159114941604	1.56617385593694	2.35592758659294	0.715877986192478	2.25713612723297	-3.20910797569119	4.61127128726301	0.43803199976575	4.9511790821166	0.294584656909222	-2.50164468386585	4.3819716007803	0.370312507072018	0.145936027949512	0.792673921414585	0.187003280467108	0.865867692744032
1	7.39457554545314	8.07504041717897	6.86915792749678	-0.454544050868068	1.73128870597596	-3.86956301838981	2.34389015754341	0.194186453549145	3.63277000873421	-0.291666850261921	-7.36263229499802	2.41883406951109	0.344262303840564	0.0959520393630493	0.728997244869808	0.0976395791091392	0.775028972250688
157	-0.488926168746356	-0.943669472023536	-0.123020476241027	1.38188498531422	5.0400055123167	-6.80296208279217	11.8012817747278	0.723910181224028	13.445743802363	0.283257415270916	-2.69742385411716	5.52438891976268	0.36377830567695	0.113473033631504	0.744157137280404	0.149960623829158	0.822142666663434
98	2.30253935308054	2.02881479487276	2.59624688922691	0.598078822303694	1.77424688896565	-3.41042874274717	5.26644287673376	0.293318189925433	5.3770219739416	0.280635987970703	-3.00639359739726	5.98358238846919	0.342187508914846	0.151955583222802	0.796178182245311	0.108845450684133	0.773247538867911
92	2.23354540973487	2.35660602221745	2.05479761571384	-0.659634986223249	2.32762092258754	-5.41341120576886	3.36198456545304	0.359408741356089	6.15421601014418	-0.280140034422659	-5.52333309351648	2.59020073775575	0.386416867908675	0.111249419793773	0.742639676391718	0.219852107227195	0.903144153280916
167	0.462654273913389	0.135420319209217	0.843523819292646	0.832904724623823	2.67918026973748	-4.77398187935803	7.74594845235031	0.387472976831152	8.79992062477297	0.269626056547918	-3.3988388581388	6.30451567306048	0.341139743555613	0.125625218504351	0.752859777284654	0.100885202144149	0.755425572841109
232	-0.416981656729803	-0.0447022939846438	-0.816350843802327	-0.795074017098576	2.46287681033361	-6.34635712977679	4.05191434926084	0.440500847115187	8.06003130503253	-0.268704925638731	-5.16022916015493	2.86429230733742	0.364843757416301	0.194302953177754	0.794658528785833	0.165425970610664	0.819688857846301
192	0.263537152830386	0.0495302908975157	0.885368061024738	0.847086820464857	2.77865507866264	-4.71587349562096	7.62272835253016	0.386769218245499	9.61676398888876	0.267619091139024	-2.96031894138481	6.80617750839201	0.360156257716438	0.147332855336249	0.774839217352301	0.154706624761932	0.819720807767511
76	0.916893804822411	0.279771392763201	1.27648620403465	1.17448634779648	4.24034855604595	-5.94357308323417	8.9153809194338	0.573702045198996	10.5440580776853	0.266518453533561	-2.88329867538912	5.25204514916909	0.354410624784129	0.142615280127883	0.783752445300053	0.129498102725262	0.80164016033377
27	4.49832844470023	4.87164502859958	3.4524877845662	-0.63502862368962	2.42041499112404	-4.98174595654931	3.67233293107626	0.364218874328279	5.2532609518558	-0.264512550495119	-4.99308456430927	2.38178047732925	0.394531255614219	0.202133765545388	0.857631629608699	0.257265975957638	0.927944843275781
68	2.59483005493674	2.44052415503058	2.84855194124088	0.544014714988197	1.73992954545282	-3.83250141773942	3.48031250563079	0.295240507135152	4.98834975119439	0.260216807504088	-3.19232851665458	4.8667155714303	0.382513667517187	0.388994184665592	0.939262506591353	0.22456827807236	0.895674797925119
214	-1.51995446588438	-2.00862482487604	-1.09758642221019	1.20509127259983	4.17306145315531	-6.39321831333795	11.2112128034313	0.610346702336703	12.3620448936207	0.25868954050212	-2.44343494796769	7.03209397282576	0.358313825153721	0.113431909034243	0.703583123891387	0.155687782909341	0.803855516517183
59	3.14910033465082	3.9810712965826	2.38728457909537	-0.708539117084769	2.87489992373867	-5.2394132084798	4.62843280647852	0.373826373451934	5.72931144850707	-0.254715725674922	-4.9700957549812	2.98249365103825	0.397656255433102	0.192746499738525	0.846780537385456	0.251876034630084	0.922720829019518
251	-2.93739140877062	-2.59036540135623	-3.28507358677515	-1.29447569370124	4.81726361436395	-12.0214728080305	7.63637387303545	0.775773446889392	13.5928191207776	-0.249149032539657	-4.75549096623375	2.96080401170958	0.392187505751015	0.246637019146709	0.802665312041831	0.297966740195538	0.87479844694827
87	2.9752535477141	2.82796456856739	3.74360689056594	0.545301599095132	2.1356539910231	-3.22607624086498	4.05447224562236	0.292102523240413	4.74360583794438	0.246600115602073	-2.85518914395214	5.61295608838966	0.428125003732887	0.25997746254032	0.899162398216723	0.384146872873855	0.961714909660623
21	3.06240675843648	3.35521022871924	2.71579926485082	-0.81051798088893	2.59921566695091	-8.67670947273055	2.87872863576917	0.337619598597592	8.42549638558865	-0.244796832724637	-7.85294730336934	2.21878974660705	0.362997665601802	0.0393452559571128	0.604421759533332	0.124972039527048	0.808787119113758
69	2.83404322096381	2.9836884328204	2.36352598335747	-0.663942851265244	2.60064047698395	-6.59371867633599	3.09635052321485	0.40495999162078	6.65416294371824	-0.244434602276547	-4.85927382425334	2.25492972219237	0.380468756448192	0.102377383755815	0.73948731854547	0.213926198990068	0.888752498520956
196	0.0212734235882062	0.201433675771699	-0.226476829546954	-0.651279107697294	2.37586219478167	-6.12388495363258	4.78403929825086	0.398793066726879	7.64307820314574	-0.241790637470187	-5.54622793720283	3.56564372080933	0.387197507987278	0.24671519182486	0.856216469975976	0.235088310091333	0.882643376441172
173	-0.543596401386412	-0.754346513292463	-0.165997822906043	1.02469637166323	3.67112562742406	-4.8833119929252	10.0365946059069	0.600364370367802	10.8164234968854	0.239647119411312	-2.44782570466996	6.45997879618913	0.386718756073539	0.0887007875297559	0.680555315966094	0.215624051486476	0.870602764332008
19	3.77556114485031	4.09715542474207	3.46938267433764	-0.658157382921269	2.66490262013338	-6.2575504505644	4.23672401332055	0.282384607773705	6.25379584207402	-0.238838001481408	-6.63134698614211	2.89833246166359	0.335675263063467	0.125233643892379	0.769755078743579	0.0937266192709288	0.764571761428858
223	-3.55396511698253	-2.82809467037513	-4.0913424531021	-1.22614946093813	4.43342673038559	-10.4896980877223	8.08296958326646	0.78876840570693	12.6925357871274	-0.238776600509627	-4.59980026005053	3.17735762969914	0.382812506306912	0.350177109676207	0.842196906205877	0.274324122945251	0.841102104545688
254	-2.96281070425438	-2.4780558327922	-3.48941046885943	-1.04986387201919	3.88718741084105	-9.75422863236114	8.18929664410185	0.670122659416027	12.35058506339	-0.230158255511343	-5.11672586908479	3.44375486223634	0.386416867908675	0.350848593340131	0.844709514035529	0.278311829354504	0.849744947309305
109	2.01357776394558	2.13464805488753	1.86087342958391	-0.423868137323067	1.68239909878698	-4.14340191806571	2.6660121693185	0.272746725070897	4.53921338357951	-0.227725292004828	-4.93235118774729	3.18480544921321	0.392187505751015	0.219281954116238	0.844544637128197	0.307241401713294	0.921984705982845
74	2.67393451371689	2.37668224453459	2.9417660160806	0.483235980364259	2.01915047632646	-3.55861798542732	3.86860520751058	0.323283913024317	4.30228825240362	0.226725702512647	-2.95582154827491	4.41557010602869	0.417642471121814	0.254519544170839	0.895417012076866	0.38752760659854	0.958631051422375
236	-3.18004292272744	-2.61320362724995	-3.56008523535095	-1.19797493514783	4.79976709421974	-11.0515332166955	9.02861398602047	0.815731287897493	13.7825592275823	-0.223346960945065	-4.34812258128398	3.43571032036084	0.3914062557968	0.357052038563077	0.872154191380098	0.296938309923904	0.873510272654896
152	-2.87851464929509	-2.36970902107481	-3.33940982351238	-1.32438693789765	6.04945128552459	-12.498128617327	9.76581295701626	1.00231579443246	14.6113766926543	-0.221070575947884	-4.2314482499004	2.73846393448152	0.405468754986342	0.323443492740995	0.866370771395182	0.358268886577666	0.917849194801269
49	3.6311616156417	3.87654377339368	3.45275866616204	-0.408099379090803	1.75429157668672	-3.60490167914784	2.87498507104769	0.255082768871794	4.28596714093361	-0.218871846980109	-5.02722326816812	2.81387603267488	0.395784548858287	0.285773502475657	0.911924853851561	0.347016366253661	0.952618715636326
81	1.30976085288633	0.779290804634546	1.62557162460856	0.684375893976107	2.96497332413444	-5.48733018137437	5.04097960884598	0.417492619716654	7.06606964104085	0.216913466275581	-4.47016119606294	4.62135211124169	0.395312505568805	0.627807286071321	0.968894006949242	0.263418683685466	0.919260948625577
37	3.65659615737808	3.52882793687612	3.96528301698507	0.40624840688546	1.73545226905214	-2.79836367325122	3.41364613295582	0.326730617885536	3.90504176974709	0.211646243300847	-2.86406863231965	3.86604533556679	0.408274790144292	0.384327618367884	0.938131107959383	0.407612346427478	0.965367762173192
158	-3.26050585098093	-3.91429014776768	-2.4228466197916	1.39906000093799	6.04769331314361	-12.3974469124654	12.3662139738509	1.15750376444826	16.3346392170202	0.211285260212757	-3.37014126710002	4.04276115655459	0.393442628619613	0.501156041182186	0.935963114910166	0.351319574982076	0.914025859941089
23	4.99696487968933	5.39849832212603	4.78160341774378	-0.428339716107232	1.90566015628854	-3.87994426439259	2.87949108322332	0.279858935318763	4.65958528741426	-0.211283072318739	-4.4337543173788	3.24477101505491	0.421875004073083	0.296506738327432	0.922210329834643	0.432700560147573	0.969238223189759
219	-4.24813560080195	-4.75761032990728	-3.6362042487848	1.24604433213833	5.44293499533025	-9.68363623462882	14.1993026472979	1.00475350588871	16.0105943967142	0.210293173284607	-2.79881885309943	5.20149149702633	0.392187505751015	0.327124238036169	0.841775839226399	0.361960466268204	0.883669457714381
190	-0.0181635114188587	-0.383470728601654	0.518157867817175	0.742384145473687	2.97092953416713	-6.24628232044792	5.91952408002344	0.539005409237884	9.49459656175024	0.206452244029812	-3.82823729108807	4.12752761493063	0.396875005478247	0.434742015103174	0.928628480689939	0.259273578003553	0.906218446213946
269	-4.19012544120426	-3.70988941136668	-4.65410140899854	-1.19141352124302	5.05263397607077	-11.6857928242435	8.56132281671805	0.859542442371886	14.2859441490908	-0.201414140466528	-4.47908313683061	2.99273288882176	0.397656255433102	0.321642131870065	0.844365456454552	0.329933053157076	0.880993265170443
60	2.90772602021657	2.58677119671848	3.23149495566457	0.405025374336748	1.87850950748306	-2.78274835356954	4.92625429915051	0.329869790497251	5.33054050789556	0.199586493438698	-2.88588504953986	4.48536345666971	0.413281254547535	0.269592861284188	0.901998829227618	0.372387323642719	0.959853781181092
278	-4.70796018858432	-4.19807171228831	-5.17611633027916	-0.96314189892415	4.23391539750406	-10.6306357341281	7.9338212651553	0.698894639906594	12.9625145046434	-0.199262999090196	-5.00389203169763	3.15340462610834	0.39422326869908	0.356768193112022	0.833735296138917	0.340086581470388	0.857345739854342
252	-3.1358940510785	-3.58019398156692	-2.81028795104244	1.01584186071724	4.57926780471529	-8.1054612257248	11.0981845417786	0.781456733533681	13.7489080012087	0.198687988580105	-3.17932784485491	4.66953105619572	0.403125005119497	0.387343503207103	0.874252272397698	0.399897771583514	0.913669807362206
63	3.00393811731634	2.65858875845232	3.31397837911241	0.456359516734722	2.11316126794938	-4.06923403992799	4.42935748244644	0.290928885862729	5.26044299008277	0.195336616414656	-3.26201929302672	5.00096409177013	0.416081190958188	0.363886064503668	0.936044302747511	0.331847352813999	0.94453901338242
53	3.41906191814223	3.55099815846791	3.18289929364781	-0.427790680295395	2.1531389713409	-5.55318226546292	2.96200347066194	0.352679184001695	5.73862435491673	-0.191175943642523	-5.45293456802343	2.5239471698962	0.412500004591081	0.138031839056401	0.786620217809414	0.322864513238215	0.949702856296467
12	5.45746864230683	5.21266858019304	5.68770528656455	0.395653685158202	2.25680118251632	-3.64985295117967	3.99680016544528	0.39266602053477	4.55570033384257	0.18988644031685	-2.71753895394967	3.88052497395125	0.412958630631764	0.406028136221594	0.945230697427955	0.399163526341785	0.967170713264037
9	5.17006986324092	5.62692179536634	4.96981471175294	-0.414841806807614	2.08513040628755	-3.65474108160429	4.19355929852113	0.319255044166593	5.5598598366621	-0.187548482536396	-4.19634797239305	3.55016588413615	0.414062504504061	0.544642663633553	0.964809336377623	0.340999059384335	0.956170340680089
107	2.07596620129815	1.86147423255989	2.16008313273573	0.467591606913119	2.41761845905167	-2.78920283804185	4.76193405926829	0.274013561321963	4.8507048707425	0.18682631595218	-3.92211721145209	4.62499151603043	0.423106951696578	0.387275213604213	0.937758176806837	0.388298439219111	0.957414371694719
95	2.75824454358333	3.02726214058433	2.62123060725089	-0.389754970010027	1.9390758494189	-3.8361727391808	3.58075125755891	0.298912047941286	4.71996012327052	-0.186475795533837	-4.09365847826542	3.20324820224778	0.41093750467839	0.470877878907297	0.9541577272146	0.370784420722456	0.957908124212793
22	4.48027834676488	4.35327885235456	4.91547216083524	0.316240762685511	1.6310354375355	-3.17525234738744	3.2082162286318	0.247106755590556	3.8788460627936	0.185168619291047	-3.35336916667335	4.35851226088593	0.417642471121814	0.4599225910737	0.950034149915836	0.438037257657412	0.966601994493579
139	-0.339915812010921	-0.119362667352985	-0.564683385935243	-0.67309191086322	3.28450001775229	-11.3753169219817	4.10262033982032	0.430123403344697	12.0888938438551	-0.181915167585573	-7.80373706709966	2.61062884588785	0.37470726674224	0.0889947643824346	0.697400400103918	0.245408410059729	0.885201216428231
162	-0.122480660225899	-0.4217548236218	0.123798672868686	0.530280954259013	2.76939753340893	-5.96839385412864	5.20847722317147	0.40472427412864	7.14284724236512	0.180501683260368	-3.69494502781251	4.32304406259189	0.413281254547535	0.596971307263425	0.963389980882179	0.42049572425953	0.948675433754363
295	-4.64987175184451	-5.01827056769398	-4.2384782059261	0.863862011671162	4.07870885479985	-7.5516450145604	9.8787486906941	0.697718680431966	12.5280269814638	0.180370955601948	-3.12348150891437	5.13319222055599	0.398126469097769	0.358552189218328	0.843486038570003	0.365639882201234	0.857310905472204
128	0.81472159798795	0.941570862302207	0.597053265450474	-0.639401503493776	3.61938312009191	-6.84972294569272	5.41001026121065	0.5480232211506	7.55343118988475	-0.176044139252749	-4.48969494988421	2.93443440372467	0.418750004244674	0.429517765894459	0.947463570287565	0.440103299943264	0.966351875143595
201	-0.917124703700392	-0.566031334415547	-1.31320231536363	-0.781205773847295	4.34911240116006	-8.61616286943718	8.41394659031773	0.494181349316689	11.6135146180231	-0.171857561110712	-5.93316847631063	4.42874341012911	0.378125006590447	0.455747237823017	0.932171002997607	0.30280969156709	0.905118765107195
261	-4.61456247329549	-4.94342610240263	-4.23693599441431	0.931456027915966	4.52629409011761	-8.62177852237155	10.4777085661803	0.756547778394672	14.0966721104717	0.171821366242966	-3.37749241367852	4.47992138742224	0.417968754287735	0.400795186172361	0.848478136354265	0.400836020392925	0.872615519802893
193	0.622200520753025	1.01787498467827	0.39046137134158	-0.49368863705197	2.60653472875495	-5.5967048859981	4.7960170970885	0.488696028909039	6.3885437302273	-0.171075352548469	-4.28983198776577	3.12498894148917	0.414062504504061	0.376928142720914	0.93116986470875	0.402436051267822	0.954078891835121
208	-0.433587965554189	-0.765023671899166	0.100967126914137	0.811446700168085	3.98347181772832	-7.30181603653352	10.363597344619	0.614002328193391	12.1929853355605	0.169374768861045	-3.23154080166506	5.41148415464727	0.412958630631764	0.340505428435843	0.898544889007921	0.371851063947846	0.947858419115962
195	-1.78080335704377	-2.05255247300563	-1.58829335638545	0.700068632558486	3.68574574675538	-6.27579320209713	9.19898106228428	0.572376099504989	11.7318810386347	0.168908410000178	-2.96074866562563	5.58977945930117	0.412500004591081	0.295891762469039	0.856032122198872	0.420469900817177	0.936030504625964
282	-4.4973975446857	-4.81807119102399	-4.06074012800912	0.818023644057462	4.28276121756351	-8.44423429223878	9.85015676286977	0.717527462844658	12.53208372649	0.16794792528065	-3.5762378950667	4.79802005842278	0.418750004244674	0.467887716471756	0.88770936151265	0.434655962078944	0.896464852836806
188	-0.936284663568141	-0.646533899025596	-1.19606201127263	-0.638126008735101	3.09573353355094	-8.84980922168564	5.66526476135394	0.441340408533251	10.5537698765161	-0.167665081235196	-5.81063735059489	3.40183464389097	0.400468389338035	0.321325793093546	0.878891753464891	0.346839833198846	0.926889143653303
273	-4.14616295281087	-4.41866733123566	-3.79210007253849	0.91362559232853	5.06168041654259	-9.31132624924827	12.7222176508952	0.918462385018617	15.1639395775557	0.166318262587838	-3.25488210516735	4.68035441705737	0.414519910794836	0.386388289588298	0.872700937302267	0.412986829201781	0.907737421128724
132	0.673894181994349	0.445942444727589	0.910844818472312	0.513806697213091	2.81622507291975	-5.25329604751262	7.10296930873963	0.431404850312517	8.24408885987496	0.164402127294182	-3.21937210729704	5.25282585492156	0.42388759177894	0.335709917645881	0.916242754103877	0.356208891488883	0.945129705224176
235	-4.4754123417346	-4.04432154652476	-4.92522231263296	-0.937324784994342	5.16916233194487	-11.1287186816296	9.01191563858167	0.923785354114653	14.5727436786312	-0.163540338737514	-4.32015456560777	2.79042982452797	0.411718754634699	0.416137653245625	0.876078123335713	0.427679058087997	0.885980069152957
8	5.6701449848487	5.59517752951036	5.75475980903805	0.36106064111454	2.17120289204152	-3.43352677431973	4.23488216055818	0.286123354625718	4.47697193403382	0.161674932781339	-2.93328338291069	4.71284403830482	0.425000003902503	0.448989045768144	0.950070608132913	0.473768215662893	0.973457005470664
245	-3.9985001888302	-4.18489921868076	-3.70169106340692	1.04405932713975	5.91933253635571	-9.54242225048057	13.5098935304195	0.99830119076134	15.8755614036449	0.160735857450641	-2.9061593911078	4.39627767660961	0.424668231861364	0.34153088535316	0.858401640923173	0.469835672422711	0.931589261827937
246	-3.25229063015097	-2.67532427072456	-3.78429359624058	-0.957458324002487	4.9319729643345	-11.7205486612637	8.53923299365798	0.791216489898232	14.6906463038406	-0.158971451438554	-5.06818687543405	2.90408218824488	0.416406254374059	0.377936703855426	0.864280975387843	0.430719268637003	0.919679674890248
78	2.6502662105638	2.45119813037611	2.8215246819732	0.325931483310764	1.70271096479227	-3.82215101529101	4.40621219506064	0.237392251080761	5.01095247407775	0.157550010524567	-4.21931138599772	5.07014402250689	0.40749415006331	0.441841177755368	0.948946232368978	0.333780643186361	0.945739999918252
186	-1.57872055214271	-1.90988430863102	-1.28764926011934	0.700687569769169	3.88323593912317	-7.68516720426126	9.87245526468012	0.589248352371441	13.2824117011607	0.156589820972829	-3.67885563183037	5.50187042133767	0.409836070306486	0.384802657908001	0.88478215277407	0.397056047243454	0.931777177247208
52	2.56375296933519	2.67483165469471	2.44372921094002	-0.396608794884506	2.62580855726492	-5.40533296737942	4.87912210581432	0.347355649005773	6.39637777694799	-0.155206831985683	-4.76131109522667	3.31373129174298	0.421875004073083	0.402230061776459	0.947068115144608	0.514589337057236	0.975327582127502
101	0.184480539693636	0.359368312444906	-0.0541252847633578	-0.586275284027256	3.84462075411959	-9.90558645890254	6.12015281596276	0.417618931022864	11.7745470592115	-0.152929448795093	-7.72454074596992	3.07537328290251	0.393750005659725	0.176475675424312	0.822350783600415	0.252422776287079	0.893036363040019
299	-4.66372121265994	-4.95814592487264	-4.30801596161229	0.892473590914836	4.65129977040339	-8.59302411540467	12.7925462572597	0.836199245153386	15.2249593989436	0.15281888354876	-3.34648238408017	4.92274284594166	0.420312504158749	0.372774110281295	0.858241861543502	0.425832283209479	0.900753082530905
10	5.54290811005194	5.52255821734796	5.62406715673683	0.27811227422518	1.94605830327396	-3.11674149180304	3.5065164280103	0.297617070107679	4.3836731500924	0.152248214749726	-2.86692233098199	4.45762974505634	0.438281253187749	0.428693714324516	0.946897476940863	0.470310159154195	0.971760383337016
159	-0.203415080819745	-0.521413893280283	0.207258160899229	0.574478085459383	3.63485237674996	-7.70847100938714	7.27748385030279	0.467745841692204	9.39250293757381	0.151932770287607	-4.91712444192732	5.06654384764914	0.403906255075031	0.575585290131654	0.961696086104958	0.318059039161706	0.917900015231446
26	3.47639585735435	3.30946628515363	3.53803481889809	0.453190623113644	3.24084212802087	-4.48574932557278	5.80837238436492	0.288792997487499	6.07831081565584	0.151821922477018	-3.20106901030949	6.01196530058137	0.397345829017854	0.299801091669454	0.923876623134271	0.286773108619431	0.940305327559236
256	-3.94161383253486	-4.15152836216919	-3.66888627608528	0.845007983294463	4.84171612954637	-9.28178988664217	10.366305353649	0.887637701043896	13.4577811725001	0.1514702172448	-3.22297479333772	4.12055720525057	0.429352072357148	0.484101848278259	0.91210188522376	0.477750570519975	0.938436125618813
293	-4.87369319634978	-4.47860397099523	-5.17268339841954	-0.743402313036547	4.41385925663967	-10.2165005277334	9.18466040105503	0.761341851406855	14.0379496511594	-0.146024689242441	-4.39458387487176	3.51373891230917	0.422656254030345	0.441365784925683	0.884819288002119	0.436324486930913	0.901305354778528
174	-0.702500672176299	-0.822565011967082	-0.502567303100808	0.472151196685155	3.11124605034167	-5.36537632202761	6.75414074699087	0.456285134848223	8.08400371398966	0.1458226836008	-3.5990295675724	4.59119693305693	0.420312504158749	0.363525948952609	0.909785377829319	0.443967689067241	0.946945695890412
161	0.344744109502304	0.632090743134045	-0.176932829223474	-0.572149369414313	3.23984670970455	-7.90233500421277	7.80005621221056	0.456727374660929	11.2789001973019	-0.144876323144357	-5.46632066149657	4.23771140616859	0.417187504330863	0.543480050033909	0.954826395756618	0.396023791254566	0.953311945104665
275	-4.49188650669513	-4.04502639865704	-4.96108538346072	-0.832137915477697	4.87251685634824	-10.4639347515265	9.77978666491725	0.944590596389525	13.8099091441882	-0.143860090197357	-4.37405247068712	2.96092565376552	0.427790792191655	0.462104230828104	0.884550829886506	0.463835001669159	0.902185282894686
296	-4.88342157649097	-4.50544409673889	-5.23739251989471	-0.784435870550467	4.32222686096142	-9.8236151225972	8.25970957887085	0.775867884118171	13.3612420019722	-0.143448433654911	-4.69160818914538	3.61436450238502	0.426562503817577	0.403470599638674	0.860477538720947	0.371953932589127	0.882111213555084
241	-4.07949030492529	-4.3430079826937	-3.79867247991873	0.86741018221089	5.81966713824858	-11.4006866743724	13.0287981412419	0.969681431315769	16.6194304446236	0.141629661851424	-3.67705359438619	4.19039667458151	0.435937503312769	0.52752103523266	0.933575141773599	0.498000025430451	0.940577409417649
229	0.144683484590962	0.376217515522709	-0.0807391906529222	-0.330404328782055	1.9512879051513	-4.24320496908083	4.35198029485427	0.320646180004112	6.06423625065377	-0.140932322180126	-4.50264094181605	3.81922939510471	0.421093754115883	0.604563497725522	0.95295501750808	0.435615554638427	0.937352667260689
231	-3.91329961130743	-3.43717886028881	-4.39592260793049	-0.765612341350394	5.1394595445692	-10.8450182082567	9.71932181355603	0.874292376964201	14.7192513312081	-0.137703280932092	-4.13240101811349	3.16981207762976	0.439843753104645	0.44804245108285	0.905855118491405	0.458100757339495	0.93469005213154
285	-4.75179536994454	-5.07470347349268	-4.39276394817448	0.739381163777841	4.30634323801002	-8.31798971927229	10.7548594668376	0.71073948617261	13.3844146871023	0.137081968312533	-3.11877754198923	5.06464339116361	0.433255272771852	0.442061355764728	0.876601914662028	0.440749502034459	0.908822209591207
287	-4.90009886735552	-4.55907495322585	-5.24361096384192	-0.670061811547267	4.34934901381013	-10.2876927004304	8.78761551928017	0.781237039073895	13.2267387770579	-0.136544597748159	-5.08867028537723	3.18748850320652	0.42388759177894	0.423184201267793	0.876708939779231	0.398393105645805	0.893166293495623
64	3.38551136803386	3.74409478744536	3.31538807449123	-0.350597375132454	2.19550279347371	-4.31335966177571	4.49184474392704	0.320026768257741	6.20525213727663	-0.136387625949903	-4.80920939744837	3.75047113446052	0.439062503146173	0.643306469223354	0.970261056561937	0.466661557295512	0.972385351767517
41	4.04731442006002	3.94369890416461	4.3308679023066	0.291089104692708	2.00180895858263	-3.13271282247282	3.56034455833828	0.312971559280458	3.99440493634754	0.135936351834889	-3.02515586957762	4.01510631700405	0.436718753271046	0.483137146959437	0.953956557135033	0.546595486318971	0.976054173981536
123	1.80149068930341	1.65032748676538	2.02326263524029	0.332151022573748	2.27261322672135	-4.45906421329629	4.94899962212222	0.356643236518845	6.05763581545545	0.13503758923723	-3.62197186471995	4.90006530876457	0.420312504158749	0.481066962621333	0.950617146217036	0.47076178261115	0.967840886892069
181	-4.59075951152018	-4.85620066249767	-4.32122374124635	0.82640388919373	5.30051968770245	-8.9813782533367	14.3420894000132	0.765892812228764	16.2293580668197	0.13462120774913	-3.00245124142542	5.4084740882417	0.43125000356419	0.346965766586217	0.857894113300792	0.459932522332094	0.909630864114944
292	-4.89736929004598	-5.20585593672903	-4.58853445079701	0.665491563291978	4.34443403175566	-9.19940927093728	9.79438636287752	0.701123036543307	12.9776755719894	0.133000980884269	-3.68509425264726	4.21264933432704	0.437158473187871	0.443101301387531	0.885465099627581	0.459537091142936	0.899685315422927
108	2.01201256367709	2.15995175192794	1.8315104254345	-0.321734607888077	2.26630801072828	-4.77330203831457	4.16992443339081	0.342525304427452	5.22492031186994	-0.13230055496461	-4.19814155331173	3.55170941485614	0.414843754460657	0.527219624398286	0.961543836843447	0.388631913799862	0.951536601256281
187	-3.02715598833813	-2.15082847615238	-3.65192697141228	-0.794092999989767	5.35069626748271	-11.1310317043175	9.45121393149821	0.985224275591103	14.6231312898416	-0.131674472377239	-3.65193034135766	2.88279965172318	0.437939113271226	0.514658621252942	0.930645424114542	0.554278675764921	0.965453093756713
234	-2.69448148943852	-2.94011727539066	-2.476376324898	0.536170881396264	3.47655595888968	-6.8533467641346	8.39772329808102	0.645366065916394	11.0695589637963	0.130582530844626	-3.80069199214382	4.31335876546024	0.428571432274373	0.453377956645509	0.896819521301197	0.46495192400191	0.928797553837249
141	1.37551394129378	1.44086465643228	1.25204822556179	-0.324227646941098	2.14812040249448	-3.99706112752416	5.18864942503798	0.3290890216446	6.32817192040355	-0.129740295107831	-4.12597995284128	3.94046472203437	0.437500003229373	0.73221389753873	0.9757254658134	0.557922912123534	0.974170384590711
119	-1.4404655996932	-1.8102297162967	-0.811369442145991	-0.801251296451262	5.58285893419376	-12.0822100510137	9.44506635147751	0.826215516503781	14.2817908063801	-0.129254553785661	-4.18200754963299	3.48207423136955	0.451562502486998	0.553065518674877	0.944788179025942	0.58795181009171	0.977670603791761
77	1.08961816827826	1.39811674483944	0.858800014345927	-0.519535165570159	3.73180228558027	-6.24114095744918	7.0709007125772	0.488718033278612	9.09005648116182	-0.128618494176136	-4.17425644986087	4.6072622935282	0.428125003732887	0.8137725024209	0.98024204589719	0.486048262069891	0.972208477877273
199	-0.565440660484098	-0.679251536904236	-0.402762798160186	0.333757406746746	2.49230663990462	-4.93265542859549	6.00728738339448	0.405754465258514	7.54347113397764	0.128378059785012	-3.44353565529547	4.55690868264281	0.438719753354628	0.511944577925833	0.941909077331394	0.486106992990661	0.955736390297868
54	3.11201365485081	2.90626527281578	3.44222398305739	0.258258088604248	2.01546908770037	-3.16293808779607	3.29740749133353	0.261855787362357	3.7999986020902	0.127272569212038	-3.72926439023904	4.97180539394436	0.433255272771852	0.521280810949676	0.958641479440506	0.436850734378861	0.966730572306509
72	1.90989651646313	2.14632245517193	1.71759747252902	-0.383002039657971	2.60862243467167	-5.88164328010878	5.51871456378268	0.325878899641458	6.8056759932272	-0.126206951866197	-5.26578452302704	4.47688610345879	0.427343753775203	0.536562413287092	0.961796871840343	0.472200751459749	0.967254037199041
257	-1.94355514098206	-2.27538177936431	-1.6525662846031	0.607841458428868	4.13502486010635	-8.11192557865348	11.0356701026833	0.608682900995134	13.5642435870782	0.125691169026173	-3.48944368597656	5.48448450429774	0.414843754460657	0.394106192067869	0.884854796526287	0.428555722235936	0.942878306565852
265	-4.9037645641669	-4.57441103796242	-5.10480990968788	-0.700449297943776	4.74943807039939	-10.8433400806984	8.69910030085401	0.799182156441528	13.3472403500245	-0.12548500738414	-4.56048040307547	3.36823527601993	0.421545671532039	0.422026246296649	0.872763232500638	0.428496550792988	0.897699294556671
86	2.22555376715447	2.45361644420835	2.03580741981025	-0.45062391686109	3.31520349501686	-7.56221832753966	5.99199616177645	0.483053979760706	8.55187152022946	-0.12544653851174	-4.71006512157646	3.28179282781803	0.440625003063163	0.499113641312215	0.957451140764818	0.503906205463151	0.974492501956453
79	3.50787643506852	3.28135330858402	3.63310758542082	0.192076477793408	1.2821321678407	-2.1345183647882	2.76680502371927	0.220702526713489	3.27560509438357	0.12466918372316	-3.12153273305016	4.23665657028246	0.450000002568819	0.50493432893552	0.951755043174996	0.524130506457904	0.973259201052676
185	0.640874000958563	0.541891510215332	0.872204082528715	0.300189785128108	2.12325418847436	-4.20762800669841	4.63190893563682	0.336982762380504	6.41504058038417	0.123108330113003	-3.77232320999324	4.30300746806165	0.447656252691841	0.528443686115273	0.948867570635123	0.553416654070725	0.96936122565044
146	-0.787871142504262	-0.888593409345854	-0.547139182803662	0.557040923220345	3.77168386423663	-8.36419007727705	7.42420222534802	0.544956895592661	11.7047838583231	0.122867125346118	-4.46059638965448	4.38983964589973	0.435597193021311	0.675151011334552	0.96758540273887	0.522512107471997	0.968199329725356
103	0.590943004436216	0.927842914715712	0.268914697235447	-0.44138319705541	3.08591562349197	-8.60826171704147	5.3502838706246	0.44315583604925	9.03768547582751	-0.12095940686508	-5.56231863778664	3.75965109937364	0.437158473187871	0.532592121819081	0.959504586465814	0.511113617313932	0.970028245871774
237	-2.66182090514116	-3.14691588871417	-2.19105016906524	0.710193671767775	5.19537605825307	-10.0484329693619	10.712440748431	0.76245681903769	14.7882952766308	0.120808380196101	-4.51671423090493	4.07897608324532	0.437500003229373	0.573813000317001	0.944751239025283	0.556411211843501	0.960827926640453
38	3.40887302288848	3.32636561238682	3.61623751056131	0.370287583498043	3.04901290446151	-5.55241416044451	5.68080231343208	0.313930629180546	6.30849862261212	0.119722295830651	-3.98415471045747	6.03554895844699	0.424218753945055	0.37760856138673	0.941334674602445	0.521274299336919	0.974847451604338
29	4.75229086000106	5.08466156381343	4.65224622505008	-0.177079305716731	1.34238359450181	-2.25740071597401	2.68173269133525	0.231450684790037	3.22366576089457	-0.119645798312865	-4.10808188389247	3.37475972516497	0.456674475284771	0.68768834940555	0.971802584869763	0.586023723553346	0.977775246653481
131	-1.09653962494183	-0.524992878152825	-1.423722596558	-0.746047726122217	5.75704276887807	-10.4246715003518	10.8733800681594	0.872087327234893	15.6541831278341	-0.118207537796101	-4.52167820097696	3.96705010100491	0.445312502815228	0.778299538322637	0.97686343582569	0.584966874300547	0.977838333573275
207	-3.46003438791355	-4.16902742599662	-2.8533464339087	0.733392175305224	5.53384666394434	-11.7884340655224	11.1185259008272	0.838033378751852	16.1975785126422	0.116788827125594	-3.53211954570892	3.97873617944678	0.441842313688712	0.635508039696076	0.958957442447796	0.536833531199138	0.948415026860002
105	0.881622543440414	0.758992586783341	0.983992805589471	0.495848941858119	3.85169683388354	-7.9490681913315	7.54671482011149	0.606923897486679	10.6474961561594	0.116156225799777	-3.69567440201796	4.09966139360894	0.44453125285644	0.630061510908279	0.964413354275994	0.526728945774489	0.973703613883068
125	0.469340587573691	0.61686742522061	0.389822722817653	-0.341808635411277	2.82218368604524	-6.15930384893099	4.88732400337189	0.378456227628866	7.6250314260534	-0.116099327332838	-6.53657456337709	3.20315163004591	0.439062503146173	0.334032586347734	0.913315489505002	0.604532669109479	0.975856619809889
111	1.56615090156156	1.59414011368986	1.52209262375781	0.265593892898208	2.34972768769615	-3.68592675277473	4.90959783858475	0.407450149164695	5.26026480399951	0.115420706188833	-2.80943765127843	4.10644785194888	0.454687502323797	0.450537058728323	0.950267548549322	0.656154012316015	0.980835644210509
104	1.58471474041191	1.50734275234121	1.72134305844651	0.255168351606703	2.06745568531027	-3.6742151002788	4.39377102697966	0.327061739533163	5.105475373075	0.114637841362994	-3.52192008252397	4.67051468089166	0.448087434359005	0.472462569888227	0.948960229189959	0.588954185327496	0.976640177137887
120	2.41548501859238	2.10999586601559	2.66983436370839	0.229989842111168	2.11567801835107	-3.73720310875754	3.61522406283219	0.349340753358328	4.54410763876949	0.11336440198626	-3.34904660852966	3.73642734605825	0.448868074442979	0.698799291617852	0.973109997682846	0.581232425834104	0.979204471370765
50	2.55332652275677	2.64848164214137	2.42620873739083	-0.284001309312224	2.44764039807637	-6.05415325422137	4.68712024469221	0.358567240715954	6.216050038074	-0.113130065487972	-4.61658811663677	3.8178781584102	0.439062503146173	0.57235040931887	0.967504380415764	0.494004237055242	0.974363316850589
17	4.1777280677727	4.11749344325724	4.21703102446309	0.177974361846741	1.38928098876689	-2.29496992392209	4.60035849496734	0.193857421870163	4.92448780410789	0.111505809230273	-3.65067463305311	5.49667448184168	0.437500003229373	0.355117744041105	0.932676449127409	0.490727296587182	0.969969405147094
264	-3.37123317443057	-3.56975441845601	-3.13696468602399	0.636746923829068	4.68651896678152	-8.71185907953289	10.6727109697901	0.732638617732086	13.9373402448304	0.110672278451098	-3.70110265496749	4.52775411375566	0.432474632688803	0.483258153855729	0.916375910934906	0.522751420974311	0.937776651951824
15	4.1691917197052	4.60127759166331	4.0427742484825	-0.251075048429608	2.11462432267074	-5.98289807515691	4.14291307136045	0.221638987189862	6.29345549596299	-0.110178965248692	-6.5075335936298	4.73922857122685	0.437158473187871	0.570460117095775	0.966985351135221	0.522724012124561	0.974579089068805
259	-4.19031783904617	-4.023070018356	-4.39159954901506	-0.553068986191037	4.62704254218446	-10.7194305694546	9.35843660333595	0.784956765252285	13.5187541352538	-0.108064650027408	-4.69637613603477	3.27918506137459	0.448087434359005	0.52847125594603	0.92460091862568	0.541358790304517	0.946958869219138
249	-2.40802819560581	-2.00420332103797	-2.93142966174363	-0.582743143103144	4.67444783348929	-10.8585743466802	8.9124484931527	0.70996365658401	13.8962477702525	-0.107937130650057	-4.66224749625532	3.71141501137328	0.435937503312769	0.50183985290199	0.929322111172352	0.492808471953023	0.950905125024905
294	-4.83598606833581	-5.13662516189777	-4.53492473967488	0.606418224797554	4.42768403058845	-8.26667283258801	12.5565335288501	0.712379433952803	14.3611902854332	0.107189904492755	-3.15589270952008	5.24952756699038	0.432031253522155	0.409104963862792	0.855765585325963	0.440514804420956	0.890995830171783
184	-0.50931714267543	-0.6972604851622	-0.337082360231299	0.512814009526478	3.88485213222886	-6.21039654736961	9.37653656900679	0.629690391163314	11.5252191257132	0.105717294435445	-3.29715878074895	4.47693331434842	0.436718753271046	0.495507105731624	0.947826025309407	0.574372874009397	0.971484858552924
197	-0.454271907432982	-0.299465375000918	-0.644055047256624	-0.357079763857463	3.12311317580839	-7.945898068145	5.10189278796589	0.47384787417794	9.27687567087964	-0.103920109845956	-5.68924364663106	3.12636706385443	0.44218750298034	0.38224970218705	0.909816567899972	0.547421196214466	0.970260823613101
209	-0.187135837282792	-0.281914529516373	-0.118998177553686	0.354959321712577	2.73905716704059	-4.0555326175436	7.40302345418508	0.442721697395902	8.29635036990077	0.103512496282322	-2.82253052921124	5.09670379413027	0.453906252364544	0.371311208794232	0.919267640755584	0.592535248079112	0.975000776008034
122	1.25631864595251	1.3420674188823	1.17935065816627	-0.262292744287276	2.65259462416612	-4.78131235765462	3.92334979687487	0.272993841541532	5.42486931124245	-0.103301423226417	-5.59995588232274	3.63605382930793	0.433255272771852	0.410301727461353	0.942006439618608	0.480873193607225	0.954537693159529
272	-4.85646176487619	-4.58190207482549	-5.11738991785293	-0.576947118424918	4.7698604995825	-10.4733830220328	9.13893336760232	0.827418088535634	14.2672147799033	-0.102857065059104	-4.47189262268743	3.18787834721348	0.445745514107327	0.455433512690637	0.895609015807597	0.44119553713071	0.912874422730311
113	0.44687272497574	0.648216205853771	0.233635588737745	-0.444567296211916	3.59704962304381	-8.03844944540536	8.24514820787987	0.568244490964703	11.2269024263056	-0.102566137111082	-4.66490147955394	4.2316184514972	0.438281253187749	0.614473573952461	0.962350957658631	0.521634835973571	0.975290112229328
133	1.30752740046584	1.77448893254057	1.11910785682069	-0.351821806212073	3.18560987667988	-5.74314134441029	5.54516341396227	0.559319432164058	7.0236901191575	-0.102048432992822	-3.41377740661759	3.46319745077802	0.460937501999022	0.712072689016377	0.973976282388761	0.66690656308185	0.982606940417209
205	-0.927307455200304	-1.20444330950874	-0.740372292752343	0.458290683122574	4.58536925220467	-7.66005628619614	9.76367752861073	0.511309025462239	12.6055188056387	0.101126265931117	-3.79826081329464	4.81275084729136	0.44218750298034	0.613991033811329	0.959386098305449	0.529006904968949	0.967322246830553
24	5.14180725711389	5.28167724027554	5.0043702157547	-0.166314078853293	1.68212640705113	-3.01136753739161	3.01015604230591	0.279532181814778	3.82604458807406	-0.100806588814903	-3.71460788260672	3.21370049938035	0.452771274863423	0.709333532344158	0.972935968661967	0.664565322786867	0.983294622182973
244	-2.4748580730415	-2.30333455965974	-2.63288627364688	-0.417387624831052	3.97264730505867	-8.42702440516724	7.90440067028617	0.734620430925455	11.8088458355222	-0.100805123108498	-3.74071926632299	3.75913799674607	0.446093752774057	0.567215660704744	0.936067499993727	0.564226816680479	0.959611642191576
281	-4.56922332970803	-4.80963249148517	-4.32653850283978	0.572407498773799	4.74900081896102	-9.55598391914566	10.5107276826254	0.86032028766651	14.178878569144	0.100655297908242	-3.32491202232978	3.806846018675	0.446093752774057	0.483810563767353	0.903391817729556	0.484227121806656	0.928541489126975
66	3.72314023121911	3.7105753070842	3.77642408235626	0.133134081908228	1.43675854356078	-2.44241974074466	2.72917906129545	0.222559307892533	3.33529478660878	0.0985863313694996	-3.49740414333262	4.31177177307555	0.470312501515326	0.613157601820037	0.966674939802764	0.686514885982214	0.983823615827253
169	-4.31383548540442	-4.70704931859791	-3.93764835030653	0.588755357031975	5.62659577999075	-10.7627857883829	11.3249762050061	0.9283621604195	15.1794834177402	0.0977579828678363	-3.1582251134298	3.82141350769071	0.454332555031858	0.552358136710843	0.939613371257187	0.521787226297673	0.939997903198452
243	-2.99833004680505	-2.83079705629489	-3.27004107588986	-0.519226682171926	4.51183892110356	-10.2927429681161	8.74187391934231	0.773324370933561	13.4577435308891	-0.096225109384311	-4.7035406795216	3.02580131288844	0.44453125285644	0.539236715279253	0.928265203063733	0.548323330087791	0.947672712470476
165	0.284110742719905	0.0994144763471096	0.562546724150669	0.404826314410753	3.62839250001365	-6.79363353827869	7.64121116592727	0.521882655571041	10.0724254512438	0.0943441528431038	-3.39462137415381	5.04184360170395	0.457031252201764	0.6264931677506	0.96662331639875	0.694501008272764	0.984990643559539
213	-1.04346944352046	-0.625308996801949	-1.39346921059726	-0.460245959611846	4.04561447102972	-8.46157925432895	8.8432924861254	0.521132784263075	12.5001182533139	-0.0938688025334675	-4.78673209598253	4.96517050759753	0.443750002897696	0.703611038427867	0.969843804900019	0.526562502377984	0.969782350891515
20	5.34365079552713	5.31113932391662	5.46747046451135	0.13520148657254	1.28066661673332	-1.85255801893855	2.75438051651714	0.196055873154812	3.27422774202805	0.09158684406705	-2.88111467869172	5.58357302405659	0.466822796383944	0.333202796880199	0.930341219347289	0.681685677771267	0.984745712328111
247	-1.19232426720322	-1.61340661475205	-0.904677773512751	0.42587737383309	4.0078738467875	-7.80062855217203	7.85117623881311	0.701522864633221	11.6249157338817	0.0885425835725403	-4.2050708031017	3.42175246434966	0.460156252039509	0.653978917012553	0.967647401105873	0.586452521057283	0.975981946904076
240	-3.20876482296118	-3.28983276280018	-3.1013483314894	0.513375327464112	5.1813105051709	-9.82840747736198	11.253592814507	0.852315181658018	14.3745508320928	0.0885377405323696	-3.15530319825015	4.77076673333326	0.455113195116129	0.515576093854187	0.922713492490375	0.589246620084024	0.960827289504477
100	0.622390280576858	0.795422627758955	0.419154124182028	-0.262875749611803	2.68269159300129	-5.84647852228711	5.25103569535785	0.39164689803918	6.67896726586088	-0.0884929291622737	-4.43091509909041	4.22431246082518	0.460937501999022	0.827743251015932	0.980246427633896	0.625961904256704	0.979187929399291
239	-3.29403989933844	-3.72690577986276	-2.81571047024027	0.472206134532925	5.11788689318171	-10.853927362049	10.9777967573321	0.902943691988898	15.038577932442	0.0883507659382315	-3.80768409630602	3.72437916009511	0.458593752120573	0.602273897938484	0.954382071729476	0.637536891840625	0.978583958633753
18	5.14997128083266	5.08908248431242	5.26901672975752	0.137197822559008	1.5010009901976	-3.11715202453088	2.89704113053991	0.237854531306963	3.70987191479202	0.0875395152230779	-3.53895786305346	3.65868790913472	0.455893835200433	0.777082732977383	0.977502874265706	0.660984864456642	0.982992516605698
43	2.44278811775905	2.30119752631297	2.83377783573976	0.292629500150928	2.93518263957257	-5.58925684747181	6.31930640885314	0.429199211060704	7.83100128229972	0.0874758228272315	-3.68478521594728	4.89126459393318	0.461358315791471	0.652475520664193	0.970384853140859	0.700350712718282	0.984854573915402
83	2.55890540147179	2.49717352367323	2.6624826206616	0.170038930070886	1.80242723395434	-2.94661839367145	3.79612508173662	0.293038522797508	4.57777120647473	0.085998437008889	-2.95022253407439	4.3818869560929	0.460156252039509	0.552702642723126	0.957593416400904	0.685056879661014	0.983407892278071
112	2.30874893147974	2.27106320842779	2.33387927745042	-0.147917229064824	1.63610847311572	-3.26906292923585	2.39904829185187	0.27850139792846	3.43104330887355	-0.0857014331396614	-3.97428032716363	3.21767538943189	0.461358315791471	0.47616558081332	0.952214625868039	0.648571440095953	0.981166513434972
171	-0.24266172330973	-0.285244523094099	-0.210653629555575	0.21414032967381	2.26972790606476	-5.34991692131765	4.2726079273424	0.427168315402231	6.26866386576068	0.0851464185313948	-3.63008422316044	3.64040568451278	0.461718751958565	0.730200638610427	0.972838424062116	0.662976667102175	0.978836603555993
61	2.4906013694638	2.47280493884587	2.50008861113777	0.404293209884875	4.53526998114751	-5.53226430032048	10.7790795109092	0.438266953332969	12.409208654061	0.0839808842204271	-3.91316080641927	6.99433375292712	0.439062503146173	0.279567278116257	0.908469652954255	0.525764279093084	0.974556115986456
89	2.90983269948918	2.89012770747037	3.06945256830183	-0.158256700969462	1.84156292035307	-3.56860865361835	2.73733459365404	0.325788213444459	3.71811489982074	-0.0837681582838347	-3.64157107794135	2.94354019866517	0.464480876129865	0.697650854340607	0.973516765246585	0.74561258688259	0.988064132161396
221	-2.33623937016667	-2.07950404382709	-2.68347690609005	-0.542130562173701	5.75652643335041	-13.0888886652029	10.685260216429	0.860199267837566	16.406465291874	-0.083701076073835	-4.77252344052305	3.47330297480539	0.459375002080025	0.518771342254057	0.925188781014935	0.62345375468252	0.975508791588626
179	-0.974499178836658	-0.733098964993767	-1.29797479166855	-0.411127425507545	4.50356573752843	-8.28404383297067	7.70178802925152	0.581084903575111	10.7247155187813	-0.0836484183370206	-3.87190297735554	4.20557910685536	0.443750002897696	0.668391063503437	0.966667532761918	0.580791968490408	0.976213536069997
267	-4.44218658445401	-4.26645487684121	-4.62485773333784	-0.480800728547407	4.76400509939837	-10.4295772271147	9.4435873719128	0.817107267624451	13.9193671827014	-0.0835636083699099	-4.1339115331975	3.5097112520984	0.465625001756706	0.51642222727728	0.923871192918941	0.550773511109082	0.955043260746634
203	-1.30089442128443	-1.44040320232501	-1.18533562725913	0.509257385317014	5.23342865927893	-8.7458544239663	11.2252313347751	0.752785917901085	14.3657759422287	0.0830105405382922	-3.2109495185582	4.57191637180731	0.455893835200433	0.547811371953624	0.938513520892347	0.574262196575183	0.973583926471358
211	-3.53550608068318	-3.76029922164302	-3.3147271224577	0.533262108834115	5.4554329267674	-12.6945804489796	11.1068330613629	0.842289943420001	16.0101736126085	0.082565407225609	-4.81399843892966	3.84841062391767	0.45199063477926	0.647183452739063	0.958784191359057	0.631544554738502	0.973150639229136
284	-4.38792516022425	-4.20504412540118	-4.58079374249855	-0.476173395041648	4.93889832221746	-10.3409731702767	10.7659143534631	0.880417729249197	13.7799010530831	-0.0821791489779021	-4.00368740042669	3.35031940267165	0.457455115369143	0.538584900962774	0.92723357282375	0.563885021910054	0.953540120669171
164	-0.311860262344667	-0.321014017518471	-0.301308998399683	0.31927667334153	3.90440464419825	-7.42529554368079	8.53319125397649	0.583066353880387	11.7842261052611	0.0820703953828629	-3.47190515458835	4.86231332436905	0.457812502161152	0.568011338344767	0.956513989630645	0.670225114157684	0.982109506698899
298	-5.12989355758816	-4.9695507462375	-5.32127792537706	-0.448900567857402	4.54703286751886	-12.7512502269735	9.15006404835249	0.788045455010489	15.0459354181172	-0.0802798754621195	-5.35411983988034	3.64495776832203	0.455893835200433	0.498617172593702	0.896307991418123	0.500180724219134	0.918864607498803
153	0.344962592264094	0.507294032478745	0.189318383899269	-0.292861920100309	3.24280602877801	-6.73857019889621	6.31441811435476	0.469801658728469	9.52293837611855	-0.078830909809291	-4.41300399310487	4.30802272075239	0.462919595960612	0.680082637317541	0.971787068663851	0.665422654087974	0.98363656375277
206	-4.66538266155275	-4.89568493335246	-4.51288024010703	0.418290111595592	5.55720409552978	-10.2691730999352	11.3707150498736	0.890063719882486	14.7908042804332	0.0783731797066818	-3.41549471417779	4.48534078099686	0.457812502161152	0.525635161194618	0.924096711224617	0.522969437652948	0.94281385200407
289	-4.48390124653212	-4.56925594267655	-4.36554106041176	0.439486797718933	4.90700221796965	-9.20692018861351	12.5603279909778	0.863723267834677	14.9713506458887	0.0755599296461429	-3.25432641704302	4.83209380484953	0.462919595960612	0.480216697542488	0.899283589093441	0.53351288734187	0.94304351900642
91	1.76945033783147	1.82490201663276	1.68030194999048	-0.177336132197365	2.05922977541672	-4.79026258782235	4.20244640998399	0.326865882558533	5.60114331175558	-0.07480022702615	-3.93916606911993	3.85990376297487	0.457031252201764	0.767090996845079	0.977205689435196	0.679418693558234	0.983119653550556
222	-2.23795664065791	-2.00230349848547	-2.47811459483613	-0.383299921160877	4.25753928403336	-8.65816949320391	9.32157657781126	0.610549476782612	13.1486940387141	-0.0745964422856419	-4.54705893950292	3.92504823952779	0.458235755453546	0.653208754232565	0.963013248319503	0.603801307315516	0.973203819550945
115	1.78698669699957	1.94656124867649	1.61722518000599	-0.203346438977333	2.44071505218657	-4.57041211985638	4.6346170304283	0.375364094932846	5.55163282312558	-0.0745876990778508	-4.14457744176354	3.7552370314196	0.462919595960612	0.702732640968471	0.972606698270117	0.666208726325833	0.981260337207688
2	6.94536004497845	6.90902111163923	6.97257410283881	0.123213039827621	1.63911224288463	-2.73153234775901	3.3855785068136	0.262525421874331	3.9507622076068	0.0740145159510098	-3.53145055466559	3.9916049355685	0.464843751797023	0.672314413908831	0.972608549570388	0.72062646178198	0.986162244067524
135	0.624653381465709	0.655026385034004	0.584854803808639	-0.175903044897009	2.38067114489336	-5.31093030708949	4.27097009846607	0.338342599284421	6.05333950552819	-0.0711553405145924	-4.98597131897528	4.0900414260437	0.464062501837367	0.469246754743532	0.949136240452587	0.673716255842305	0.979595474628805
4	5.57139035886719	5.86554497328937	5.55969776623406	0.223580629108004	3.24046902487229	-5.90184786636845	5.97070908957811	0.475493068782743	6.71746651783582	0.0695290760638336	-3.25335635223477	4.32897470795538	0.462919595960612	0.776066606502511	0.977043549206623	0.745268094555006	0.987079296130146
56	3.2604589071548	3.25954941843034	3.2610716822161	-0.136023619038077	1.60242247567324	-2.75077484754005	3.41564177542698	0.253534639515169	3.93583887263036	-0.068743558520859	-4.30995717559018	3.88001903761405	0.470312501515326	0.897012403984203	0.985596162440284	0.763903870593784	0.98655759776561
176	-0.169861529627007	-0.0930518787193542	-0.357421254990883	-0.210735167516837	2.84026299336467	-6.07633405825639	4.72787043600653	0.420144804533195	7.51890311653561	-0.0680778067151459	-4.70571849204127	3.95026264307431	0.469945356723064	0.639851603648324	0.963196393406914	0.67830895353898	0.981718256342692
217	-2.86753905341626	-2.71088405324786	-3.01017726231433	-0.326174802027311	4.55965477686322	-10.0523174499304	9.24786343498477	0.767042014416254	13.5366751978942	-0.0674184438647639	-4.15750502007778	3.90534942141543	0.460156252039509	0.596716377347912	0.94818105798705	0.655674637698482	0.976947058356567
271	-4.65099379188528	-4.85004964198831	-4.40444095640356	0.313266641361486	4.62594992932245	-9.31296816861172	10.3536736563313	0.80542965042737	13.0056498574664	0.0652885406355431	-3.53355996238499	4.02087946123335	0.467968751635907	0.526857251658192	0.929392490927331	0.555761531575767	0.956334841756718
250	-2.10811063828954	-2.12188877824276	-2.082836099817	0.309526199217983	4.39061695060754	-7.71326805263393	10.5006412139871	0.710846696639561	12.7118729759509	0.0647761230124043	-3.59189838328788	4.96686893963355	0.465625001756706	0.574618120511416	0.945029935679656	0.669387129871794	0.976839889305258
80	2.7544082929185	2.76059891915851	2.74215405708665	0.166942884565144	2.60734929806921	-3.86550760213798	4.72080358917081	0.401532674181946	5.22814491745574	0.0642751850969968	-3.07436866111231	3.86624759483726	0.474218751314798	0.695082846352525	0.973952714492466	0.849432726864815	0.990622852963981
248	-2.83707543432147	-2.62088323745174	-3.0419371965325	-0.268412102744359	4.57359491488421	-9.052628074709	10.5500423696897	0.715947278628072	13.9545461837249	-0.0624308516187519	-3.7955003435091	4.2520283606612	0.469945356723064	0.616765060189313	0.954434641173245	0.669493635493599	0.97785810269081
220	-4.30203447509952	-4.12370792890851	-4.50043312414791	-0.329304555601251	4.82990906132566	-9.90547342983155	9.35553532739265	0.785563657389391	13.6034256613719	-0.0623593009816374	-4.47882156172552	3.68175646913377	0.467968751635907	0.593990125030363	0.943886933220123	0.59197712264877	0.957328579640194
25	4.74770400865515	4.75125519265097	4.73724834310653	0.104449375453582	1.37769449131124	-2.14749391354697	2.92087148149973	0.227017932205129	3.27686835351225	0.0618576742147337	-3.12647657067811	4.2533177192605	0.465625001756706	0.549268193897775	0.96188181447958	0.847110109427237	0.991357319351794
233	-1.82817378317247	-1.86765922313415	-1.804600295991	0.236368611445021	4.06349622585504	-7.82256906321854	9.16340607871089	0.612184166304256	11.8722275383418	0.0614063649530518	-3.83925689738041	4.22366775983918	0.463700236045225	0.602100227730545	0.95349819237772	0.676671461266021	0.976327266600397
154	0.485387602068404	0.635909594683982	0.359817424139195	-0.156694125072959	2.18659447096964	-3.97885562030492	6.88080288461796	0.350220864484046	8.01709428940439	-0.0604599328586009	-3.82472412950392	5.62339392051688	0.460156252039509	0.660465749627044	0.968062692808881	0.667307735934902	0.978135496891685
266	-3.33937931497136	-3.45838515432846	-3.22326217076929	0.288312504149022	4.03104465143066	-7.6529336198717	8.95806767953305	0.690958106565798	12.0152297688677	0.0602179499840386	-3.33271875860961	4.08901586989448	0.469531251555496	0.568888457478061	0.935016546518161	0.618537824134018	0.964347614475583
177	0.0338108261959889	-0.0234455720887192	0.0926619792932764	0.240779323584048	3.55298120393897	-7.55595920391293	7.46719983297325	0.492072400726619	10.9756782907272	0.0600442114490566	-4.49918080072839	4.67645904358858	0.464843751797023	0.752904055026088	0.972892604806817	0.720772073250106	0.983358880021397
3	6.64187830378983	6.6151866478782	6.66989117682123	-0.0774685757578384	1.37263258962585	-2.56748727199824	2.97419765643569	0.229742982340114	3.49022870355062	-0.0585935628204215	-3.86284019273341	3.60736143388201	0.475781251234726	0.766777842031523	0.974991478847953	0.774998834197272	0.988107375478335
216	-0.986372419028475	-0.791645948805186	-1.13223205958898	-0.193199203196364	3.53648688190827	-7.43120201312913	6.10739812809778	0.625050123189008	9.86950551028888	-0.0579591018415537	-3.65630860274758	3.43938734395399	0.467603436468688	0.711404709527349	0.972120540598608	0.761623522736414	0.986719397693834
166	-0.393832493178603	-0.481977551322053	-0.294514992841479	0.20085596260004	3.23993344435603	-8.74318301410814	6.12736324190983	0.44044931095868	10.6899860140234	0.0560864403212095	-5.07609468398604	4.043265271066	0.473067917062545	0.741362410022112	0.974924979349022	0.730692891460857	0.985379227161608
144	1.16879346623271	1.09354896727908	1.24443306670679	0.124029427264	1.98551243587541	-3.56278614924966	3.50320143619687	0.386137245110966	4.33502701823109	0.0535352794931744	-3.40422693753563	3.32155177910727	0.476971117487346	0.825039131594813	0.981548990903614	0.795824778790416	0.987479520576805
34	3.06617333570845	3.06373473168398	3.06940025910863	-0.142732565151925	2.05961501856407	-6.25766649472322	4.21151633838367	0.34304638263275	7.50319430941824	-0.0533994717093212	-4.99982416776413	3.71434754816303	0.473848557147467	0.679273860553935	0.971761653818685	0.753733479016478	0.986322691796645
262	-3.03844336344245	-3.13842619531076	-2.88716852151756	0.309110256024184	4.21886948710402	-8.59405196828483	9.81320467890382	0.748059325446171	13.1159888727414	0.0531731950475522	-3.34434418525232	4.55035629680696	0.465261516214532	0.568422211547583	0.938875044061856	0.638716407147212	0.969632041728091
145	-0.847690099117622	-0.576689169631948	-1.17764017698987	-0.29859251678927	4.64417616110164	-9.45351511004016	10.2545873242139	0.662347600871344	13.409955756076	-0.0528952664413635	-4.44397568551701	3.60854739202557	0.465625001756706	0.710596943622402	0.970857417608435	0.677504774798416	0.981618369010944
194	-0.323695387545509	-0.398228121702144	-0.210958205099179	0.13495078626642	2.47696277925984	-6.93988651235911	5.13781038326708	0.371070127024699	8.67705484616474	0.052713644126708	-5.59652536874778	4.14775985518121	0.470725996807902	0.748521625357877	0.973773294163138	0.697193261318746	0.983351587713469
230	-1.52095229679422	-1.39043744932988	-1.72107603546618	-0.305995116355107	5.74442165942283	-13.1042832484494	9.12679852335676	0.719879348928434	15.2939280085873	-0.0526037218864326	-4.92808056042387	3.59424122420509	0.470312501515326	0.473771757852091	0.920221222918686	0.66235606198329	0.977946001151102
228	-1.54056408697023	-1.47122826246846	-1.60858478799537	-0.197750019559244	3.34852554707551	-7.2483374988777	7.21406566422514	0.600351018639314	11.0434128097662	-0.0524291987494123	-4.14440548091545	3.52597370662757	0.472287276977643	0.659482834333899	0.961911973414435	0.697754852368863	0.980593238175476
99	3.19105440196168	3.35511818144656	2.99332742125376	-0.106066813607318	1.9980698410628	-3.93460601312112	3.29682525426021	0.333041955353298	4.34550912628071	-0.0501150398820144	-4.04355885485433	2.72727282183531	0.47775175757236	0.669850718827077	0.970669845401383	0.748352435805509	0.98607927145633
255	-3.09519600299426	-3.09889046903362	-3.09328105739733	0.269458931717194	4.25435849111325	-9.05305077865824	9.43476280123141	0.761573059121206	13.8813016575963	0.0501096424562083	-4.00488153001436	4.22563308121381	0.47775175757236	0.572886392329699	0.947363121172214	0.615628791093377	0.968526296914397
279	-4.8225743319795	-4.69799522355702	-4.91028836616748	-0.288566106363428	4.6076100091779	-10.4856938601105	9.78517428741134	0.835827346619782	14.7077288323761	-0.050109540800863	-4.29196483631675	3.83712390902161	0.470312501515326	0.505391011281719	0.915760506813938	0.541801369777049	0.930090491140203
200	-3.35296366343126	-3.13631960683352	-3.635065546745	-0.310656235367786	4.52102115639523	-8.78957915785196	9.39576875980578	0.769532713173435	13.3128971392388	-0.0498664095820476	-3.59239797728126	3.87948332654404	0.47540983731737	0.609170695299432	0.956338839174797	0.644260285921953	0.97185097780741
276	-5.00745764980706	-5.08647371502712	-4.92208301710996	0.229224349310903	4.81799860852325	-10.0596297339879	10.2783919353953	0.960510555211979	13.2111207305656	0.0493373117370905	-3.59883254087436	4.06053420798609	0.474218751314798	0.573332562105867	0.930541645751058	0.546340980650351	0.941694034249926
44	4.14869440059605	4.33171087197451	3.94027805131272	-0.0935088705729314	1.87337093626652	-2.99964043463116	3.79248809647239	0.240139751397136	4.20954435102938	-0.0489164392489975	-3.96141713734036	3.95250804900929	0.480874317912578	0.915808671356325	0.987699707532764	0.847834551686809	0.991091482727094
102	2.01228717420477	2.15511007363555	1.88653237009849	-0.123953494276554	2.55256706830241	-4.8145296004215	4.51821709419252	0.469333941226872	5.69374556911797	-0.0467668196922656	-3.2631065489764	3.37507075864681	0.480468750994929	0.810134053889444	0.978098135671587	0.84437710407572	0.990660097363796
260	-4.41269923564002	-4.18533468697293	-4.60011629518902	-0.2919684754394	5.10520573775951	-10.4547847281458	12.3089175345545	0.931292295144448	16.0391381107744	-0.04665216429694	-3.91951775032972	4.20303217882168	0.474629197232409	0.603311203157436	0.943993340288573	0.587587795191692	0.95265852066016
297	-4.63005551921814	-4.44546230053274	-4.76807381398277	-0.250101062146571	4.11147956795008	-9.527819544127	8.52606894313901	0.716066593095429	12.5688965132755	-0.0455030566554257	-4.4193890105391	3.44178322227288	0.47540983731737	0.504034429949884	0.913252540567396	0.513463752525837	0.935650464299526
106	-1.18208071377091	-1.22553495769458	-1.11845838650849	0.220791704652428	4.41652806119815	-8.56367888002384	10.3109423781443	0.732928280634656	12.8598685136941	0.0423056190290809	-4.23701425189884	4.37429418094866	0.480468750994929	0.688083305886768	0.969032050268799	0.764736625843849	0.985017715699545
149	0.577581639632488	0.504695493033098	0.829533229629122	0.156944258428129	3.04774125612521	-5.74646858738598	5.83260165461315	0.537535949692961	9.6546923005428	0.0412711952522257	-3.33429254325495	3.6595900967563	0.476971117487346	0.730165785317639	0.97446536190457	0.758023823621317	0.987148197793428
238	-1.07979127286711	-1.02173253880215	-1.14476238899747	-0.141331458504781	2.59667322805714	-4.95693790196471	8.78795096227493	0.468526624889171	9.98528663040688	-0.0406250364962167	-4.13131423695296	4.72502596482953	0.478532397657391	0.693358556919284	0.968888887456662	0.677387743516889	0.978171373295172
148	1.25656029217747	1.39850902555217	1.12537667059599	-0.0977126513158471	2.3022475898897	-4.44418204495413	3.91881902784091	0.353667965743438	5.60569607639035	-0.0393271643712315	-4.59992027190298	3.86005193629811	0.479313037742438	0.735694309087333	0.9743643334126	0.760623820006263	0.986338705496761
215	-2.58748176817043	-3.06546774593313	-2.28013204657846	0.215052743819432	4.74386971785692	-10.1658329143754	9.71373158014289	0.741144557384311	14.2293263996915	0.0392827764072745	-4.53807024227183	4.03867256778718	0.481250000955017	0.61614847025218	0.958233610863468	0.669326291209339	0.977682119511644
210	-0.244957311269238	-0.270760570349066	-0.207067992499996	-0.117277617489428	2.70958066561529	-6.48657189935573	5.53160513423776	0.501800380153435	8.00096866463483	-0.0385919721254633	-4.4916077358673	3.47334894903148	0.48203125091512	0.718538361151349	0.972718102275315	0.769321329437113	0.987382582127614
227	-2.81259007648799	-2.86933112004993	-2.76988884451846	0.213276596115485	4.59454391502398	-9.26625180292491	10.1470906918851	0.743992204598248	14.4222269724003	0.0381513420943443	-3.63437870674455	4.68928225697768	0.478906251074796	0.619331659509465	0.953238537913187	0.668907647862865	0.976870212115418
160	-0.284831751160702	-0.192237402961718	-0.371552984458681	-0.110861115308385	2.71933832211	-4.88854671842489	5.98151271103669	0.400521756387942	7.75324792722441	-0.0377708202211446	-4.02372165779715	5.37529213309708	0.47775175757236	0.714258006889784	0.970032840127545	0.701672618417258	0.981054979607658
274	-4.44546616910479	-4.45644303454635	-4.43330559237052	-0.233457902993876	5.01119824166912	-12.6623595730376	9.64914364926632	0.89056413864656	15.3760780600975	-0.0374728235977399	-4.75621666026555	3.53794282115497	0.483216238167893	0.500416216654746	0.926825794270804	0.572803637474263	0.953092380215955
178	-0.439683900807567	-0.339524516116155	-0.623577644818448	-0.117223558992729	2.81090036430502	-7.07248240297195	7.15624068051036	0.430213238431801	9.76965486255165	-0.0365592903044444	-5.10675605889573	3.9561900400891	0.476562501194718	0.717871844014905	0.971674099959962	0.700218415071876	0.981423040099685
94	2.06257385092981	2.1811593550601	2.00797354943666	0.0771889156387173	2.23838314110416	-3.32791172401522	3.93046092233074	0.340853256942217	4.18256824145991	0.0359217523455887	-3.5048335714574	3.85826077127975	0.482435598082775	0.853940547054399	0.982376252168821	0.851943615123303	0.990864330783523
277	-4.27608455400052	-4.34679947129927	-4.20072275702786	0.214005832972276	4.89005763549433	-9.39597198547359	10.8132860468282	0.788912193369731	14.0628286911086	0.0358329611079054	-3.59020162949991	4.31019124013172	0.478125001114754	0.515806542654826	0.921438802927922	0.525186443020646	0.941042092133955
147	-0.800773160100528	-0.633465127153076	-0.906150601371076	-0.158448252434878	3.79550901703117	-7.01004715148542	8.92238011790706	0.540895083258863	11.3456897875105	-0.0347860269831008	-4.11257950731652	4.45660709788019	0.480874317912578	0.718776410179907	0.974180086099022	0.793276424094181	0.986421167769239
270	-4.15783689893498	-4.19396854189515	-4.12324168406337	0.220836755638751	5.14050296015589	-9.18286379035113	11.0527744616757	0.854379876714383	14.2498798172563	0.0343646628399559	-3.98061805859433	4.50227350467182	0.477343751154727	0.576006788175427	0.94068313756885	0.572092331067204	0.961478476940365
46	2.81066969225318	2.81506803909614	2.80887589503539	0.110393511928334	3.62001312198402	-5.89278326265595	6.48575469588707	0.379518656635733	8.56495287823443	0.0325711004786523	-4.82945798850582	5.25925332320237	0.476190477402349	0.86176313579675	0.983639430207606	0.810440783987554	0.989158242155235
134	0.237768012954597	0.198649259601244	0.324832070741247	0.0770913395468726	2.18537559510953	-5.80389461694883	3.95852126416996	0.332971041968889	6.7988692551177	0.0315324917657141	-5.17560049691187	3.47784367088588	0.480874317912578	0.679674773226684	0.971628266740784	0.760449315761831	0.986097114158545
202	0.185907749907634	0.16568325614612	0.208949242463519	-0.0891647627663499	2.49873256054493	-4.67724341099635	5.97492643957518	0.395581155315241	6.82266365548571	-0.0301374921923607	-4.0590919325987	5.02198188007126	0.48750000063618	0.812359460009154	0.978905139930599	0.767575075273734	0.986636708151159
55	2.26303633017081	2.15532431440762	2.50761854552647	0.0905970592735246	3.18255105705027	-6.80841937355382	6.39225563092029	0.373582905458122	7.4044068488816	0.0292943739649087	-4.38793134123306	4.90906783680178	0.484777518338167	0.928959526858322	0.987948678588036	0.880125227408252	0.992416875893156
242	-1.9803692948714	-2.08587768228407	-1.85279354586858	0.198236295633959	4.6151254581939	-9.4350156609803	9.6372373622394	0.76733088457812	12.7667907952402	0.0292019008320552	-4.08606324183907	4.23608028426975	0.484777518338167	0.668356910271108	0.965942461855572	0.730654116369374	0.984925591337914
175	-1.03396418027357	-0.991783423961987	-1.07231717430184	0.162642576405002	4.38782369470123	-9.90518561217231	9.43538224621623	0.669880239739748	13.2933459570068	0.0286491126217507	-4.34828944972691	4.51916242022485	0.483593750835364	0.714418605436141	0.971920512220602	0.764980889342952	0.985841093103545
117	1.72639905851375	1.60300087807734	2.1139496938359	0.0731204066140512	2.11843722902531	-4.93456615800123	3.29723589665442	0.334956319093563	5.11150487273	0.028525146178583	-3.88313375780187	3.47494468036003	0.486338798508486	0.755745442086825	0.977749143226077	0.825483941101649	0.99037393759056
253	-4.46671960887544	-4.3587450116811	-4.58552658766097	-0.135106674344342	4.62334873171555	-9.84983778309436	9.6305965302352	0.854640408355327	13.8609874926939	-0.0274940222634351	-4.12200486050189	3.73478931318411	0.487900078678846	0.577597022548679	0.938819629581693	0.592463431694749	0.959058006858143
180	-1.31936320001524	-1.43909350743635	-1.21032986169257	0.146754535558246	4.71601380053778	-8.93340866530611	10.2567362598561	0.661416246500924	13.2147744633339	0.026560805835831	-3.9308343539413	5.56235392879463	0.481250000955017	0.643277896194383	0.964238898361257	0.744086425285493	0.986226088493501
90	1.4937372864413	1.64360460366223	1.37007354398351	-0.0921064277209549	3.25185312903044	-6.19455170782504	5.75688290080734	0.388305740425834	7.43076751340166	-0.0262887650156128	-4.35039202228304	4.9314783556955	0.480093677827501	0.869174935833338	0.983400045211887	0.791731492180852	0.989301384677175
75	2.68714149277214	2.70689098978531	2.6741164549555	-0.085412914609706	2.51491672386868	-4.75596085889222	4.83241454060277	0.314978303578208	5.5665422879895	-0.0261987596083617	-4.87352674910087	4.03927029087027	0.479687501034855	0.879651072410441	0.984429794400721	0.825201458995651	0.990270824360862
33	3.97408135272224	3.91386591921818	4.04399828005379	-0.0467556500899957	1.69853160886756	-2.90203062207866	3.08247323670423	0.255776487068273	3.98278196898337	-0.0260651001723923	-3.60556979327034	3.80458192250906	0.490625000477005	0.899605048065446	0.985931324243312	0.846430594445032	0.992043912241233
189	-1.09575204699601	-1.01476781237502	-1.1530076934351	0.115605317957698	3.59883405394402	-7.69480639471131	8.49723490638477	0.589369441322988	11.9956669252504	0.0257676152753881	-4.07710363172136	4.53349701022339	0.488680718764039	0.64006154812714	0.960462733186036	0.754574569189767	0.984767783592311
82	1.71398423659368	1.7152301953676	1.71269106547685	-0.110160837367117	3.11378411258648	-7.96974508734983	5.32490226505372	0.287661296829245	8.32197076177943	-0.0252123128239795	-9.06117117564774	5.35679824969155	0.47775175757236	0.284262690989806	0.91325776794507	0.721336824930567	0.982427192836562
88	1.66860177112265	1.67899183399234	1.65246536485627	-0.0670845249005687	2.51066993813692	-5.21341012133644	4.74734223692861	0.34881074609151	6.34613616633946	-0.0238777138456485	-4.01337152595015	4.50937798701709	0.483216238167893	0.859172827849532	0.9829419989346	0.844269348140535	0.991062927847403
121	1.13271810181959	1.13716081996294	1.12801780465328	0.0612480749115711	2.57296875948568	-4.30390796548723	5.11425192083926	0.298076790443489	5.60442125172246	0.0236641834774984	-3.85312294748925	4.82298335410899	0.488281250596374	0.874783766890689	0.983864373061567	0.79590659890544	0.988814284189267
11	4.58043607240855	4.64896368705278	4.51550202611676	-0.0707096086735151	2.30138474759502	-4.99870840371368	5.83864607407553	0.275119637755317	7.10864369110264	-0.0232332813294104	-3.84473643026717	4.96921304944975	0.483593750835364	0.767141022706478	0.977175949730588	0.906078764810274	0.993037005841057
172	-1.51015744426171	-1.51802980895374	-1.50684616237914	0.134324091744057	5.06869322635362	-10.5241773911547	10.0504167792087	0.898078237004413	13.9940697723683	0.0230869540745502	-4.20792698390659	3.63354284361459	0.490625000477005	0.671596064181885	0.965071367089345	0.779817260284272	0.987678884477349
212	-1.08478452261015	-1.17210818559877	-0.990509289154613	0.0815367138529242	3.66190269031568	-7.32929969080785	7.83863113976944	0.643434589492737	9.81660719932289	0.0216915004008394	-3.61974613047478	3.47877891838663	0.489843750516787	0.740173438607199	0.972646197500289	0.800754447329711	0.989583338306815
290	-4.78604109470961	-4.72202215650585	-4.83615826953391	-0.106586469833251	4.25450891024998	-8.82178903785191	9.17755869578207	0.662184068218501	12.1693544974123	-0.0195680878604014	-3.72319439366142	3.78702400343945	0.488281250596374	0.517311263318908	0.925159828254845	0.567485325046867	0.954771641465231
191	-1.0553947142693	-1.15045009219852	-0.973403566529226	-0.0763827710390919	3.57233641531442	-8.01443054709662	7.50470217831531	0.567253604769546	10.7836868732484	-0.0195390286701152	-4.39239842123084	4.43995580059055	0.490625000477005	0.729275905229745	0.973542287352027	0.777757227041078	0.987961220398118
170	0.431974375321954	0.47042193347591	0.410293735213705	-0.0343623485530671	2.10947342641861	-4.717739074809	4.4421674395963	0.335566409877199	5.50695435042145	-0.0184675914836755	-4.62482741870735	4.04116299871363	0.49140625043723	0.772983977800059	0.977681905117745	0.749021780000003	0.986229064065743
65	3.25272873618573	3.11600401764415	3.38866728732034	-0.031482990209212	1.85681799927648	-3.26876271003326	2.76081272655555	0.283902705308026	3.50286692526479	-0.018046551951417	-3.94036592994166	3.66023515640819	0.490241998934451	0.891061142989105	0.98482828192286	0.878526482215099	0.991482864899962
57	3.42709711490997	3.46724391246582	3.37779884095873	-0.0341178711002788	1.62340957109999	-3.29549909685073	3.09219077276604	0.29405376487163	4.05045476183571	-0.0179923418842322	-3.73578213514185	3.44318693605889	0.49140625043723	0.881633072135658	0.983452017441915	0.856788077401486	0.991588181927628
138	1.06697904302556	1.01054925836926	1.14787339791039	0.0486800771235991	2.85832767067919	-5.68152140348292	4.34693616305041	0.44506150725517	7.05086569831946	0.0178479975415456	-3.90439290294357	3.01379791547823	0.491803279104892	0.839564227234116	0.981591510283138	0.815978100222067	0.989283589615214
183	-0.850168577286538	-0.869784475313876	-0.786310485091462	-0.0834719321110864	4.30482318558914	-9.51431909125122	9.39767796612868	0.704764984203157	13.5494153240486	-0.0175294626781654	-4.34476580486421	3.78768633595743	0.49140625043723	0.722152405617201	0.971230064371142	0.819110505895377	0.990491594700522
286	-3.97021756272169	-3.86160383313497	-4.06038169575038	-0.111124454520803	4.85533027938683	-9.59763686605229	11.2295851324066	0.77861461628134	14.8881215368445	-0.0175210648537576	-3.95647174281323	4.10105198415325	0.491803279104892	0.592156271523448	0.950265469948642	0.619204599771927	0.962604338644457
163	0.188385785175975	0.100018348862327	0.240660458588879	0.0892284233819387	4.02840425482958	-8.15294813875779	8.24383298036866	0.459868465787937	11.6259392246725	0.01717104156114	-5.27974280553463	4.85886940770586	0.490241998934451	0.753260004086772	0.975967584501094	0.78800757304352	0.987168797247913
14	4.94509897056643	4.81295338805308	5.13810198448884	-0.0357580112967195	1.86522154272237	-3.64206017761513	3.06636363271456	0.301786947195456	4.06677601466504	-0.0169768021298599	-4.04323491629168	3.09212035124103	0.490241998934451	0.742418345433683	0.974626037048968	0.840144597712638	0.990693984209367
263	-3.96907711400297	-3.86696387518643	-4.06269901603999	0.0602668400445605	4.42951592351553	-9.87314471247362	9.5640129482746	0.85319829103761	13.5686208807079	0.0145211330222138	-3.54253406018844	4.2834185918265	0.493364559275358	0.610435365051584	0.954527724360065	0.635955433925363	0.975727458593558
150	-0.159024366213778	-0.100433040646467	-0.206345145389842	-0.0770079818775349	3.67038000686723	-7.47685899581811	9.26298682886019	0.448457673415031	12.2274943584701	-0.0141109936685431	-4.82205880459987	6.58664667456808	0.492187500397461	0.617806247536047	0.957785356763846	0.794354580591213	0.988506230559282
226	-2.77239786136578	-2.96277427699393	-2.62975138202625	0.0552390814149986	4.49410582671086	-9.50247492399023	9.81545951255543	0.802820526902842	13.5769759774288	0.0126386379120156	-3.41012373785603	4.47514577546805	0.495706479531092	0.576488826879774	0.949751343842582	0.679906801922054	0.98026867044453
291	-4.78118238006005	-4.82424817565375	-4.73741978111334	0.0688858202260088	4.40232007371016	-10.0422323970539	9.4325916813724	0.777460146100277	13.8142985431867	0.0124680081751325	-4.16885143691126	3.99538322564465	0.49140625043723	0.542753996140003	0.915886535146947	0.53836765667831	0.937746431620976
35	4.14311140572623	4.27079737261123	4.03443740877675	0.0174950111719605	1.47698664651584	-3.03286720010981	2.93833388498797	0.237095411894594	3.84421897069018	0.01212012430053	-3.94090525234907	3.89969925945176	0.496093750198694	0.885357882217796	0.984480935690396	0.899535000824024	0.992357526877169
137	-0.504024382827907	-0.587489358209321	-0.437393417334511	0.034306563259956	2.68521537829308	-6.47129070670259	7.33096208323715	0.450010841611281	8.45814050672912	0.0120842176132284	-4.53819049804836	4.4683677425292	0.492187500397461	0.79582599211993	0.978733668366979	0.737546124852635	0.98541863645271
140	-0.483329472039724	-0.335137615310652	-0.584169457113122	-0.0525965615330275	3.94256179634011	-8.04567407222194	9.54755118113762	0.588597554605169	12.9411498258005	-0.0114058562750166	-4.12591811590177	4.81834808598756	0.494531250278188	0.698094891588005	0.971579539278813	0.801940730994526	0.988563934074964
7	5.27338756274346	5.32253465160078	5.21260451865293	-0.0476488516673435	3.13370491717814	-5.41025043752508	4.72470702432098	0.387812113723958	6.0339311143871	-0.0108937223111162	-4.61475637395207	3.95847709876505	0.493364559275358	0.88778259358903	0.983585604590894	0.923268670873422	0.993941775281381
288	-4.09505297614396	-4.06839908216694	-4.121017236904	0.0526185069536371	4.08922201351783	-9.26096033827752	9.00981487171671	0.662781715749894	13.018547017541	0.0105949338325196	-3.98619025115193	4.31086223282044	0.493750000317941	0.566144118651851	0.931697051886317	0.599289481786527	0.956484223560939
118	1.22525857857702	1.3263556888419	1.10584005588425	0.0344749174445313	2.94218387067374	-4.85645785362331	5.60769685154194	0.495391897463654	6.40416502363784	0.0105785412358588	-3.33800652777369	3.84274116271882	0.494925839445843	0.80363263240497	0.978913091343278	0.870884607231341	0.992194705637762
258	-4.2911401899935	-4.26649097989838	-4.33030800436229	0.0686163375487503	5.21131615230294	-10.9710142837376	11.4909693794057	0.970946315297099	15.0532115429659	0.0103939138709424	-3.71267582035092	4.22410166286995	0.493364559275358	0.61978504986728	0.951349968510129	0.603225008714464	0.962969990395438
62	2.43749018828769	2.4199895517937	2.44610264420143	0.0258304528856099	2.47937502323899	-4.9074891794437	4.5809140414346	0.467019690658792	6.03851660470935	0.00937043965373474	-3.526522327669	3.58111753518263	0.496487119616343	0.895953190715073	0.985513264344448	0.894471644026479	0.992888519526637
280	-4.80600746909901	-4.79603278362301	-4.80694869375093	-0.0506706775407988	4.69001555255778	-11.3428101639477	9.06000654966678	0.779592866497885	15.4843882287699	-0.0080574208361138	-4.46090236530749	3.72053360489467	0.494145199360598	0.535811781707184	0.931413064814069	0.558370738232534	0.955817275457781
198	-2.12675097299111	-1.9902618689851	-2.33404990649847	-0.0396960307135963	4.49614007002911	-9.41238069301023	9.24022285650503	0.690749758930162	13.2898543451012	-0.00737437055197058	-4.49872267702804	4.13750493702816	0.495706479531092	0.601547269945818	0.950399479980322	0.714832709564552	0.980394163531632
45	2.37529332225962	2.39369634200797	2.35553209262407	-0.022093937262019	2.80782468943247	-5.92890185010825	4.55988713876871	0.30269374069036	6.81838918713271	-0.00721650901078588	-5.88619541995961	4.68866290051322	0.494531250278188	0.865510416753688	0.983063829421931	0.866818185410175	0.991521390416779
39	4.64807905460605	4.58738363778992	4.83402988544586	0.00729392785625071	1.803897060976	-3.92824703701166	2.9721944811313	0.310984565192201	5.01752627885666	0.00579834083362348	-4.29135192496982	2.9592618838859	0.496875000158952	0.715502150276267	0.973488743926766	0.920902785727833	0.994222997649797
225	-4.68699136923989	-4.61145983536789	-4.73417783125469	-0.0366417824637626	5.08111852847905	-10.3676813460239	10.0346445472183	0.918384743594737	14.3371749449848	-0.00557961773548154	-3.75674244016026	3.7892821375367	0.497656250119212	0.583696274527056	0.946204297564234	0.580198167739012	0.964054200891228
48	3.54496950478968	3.57886597695238	3.50880509230842	0.0104804408307517	1.80393507337299	-3.55910417364786	3.23234643982498	0.267187301597868	4.20745477527564	0.00467972264161517	-4.97990123086066	3.35152140245399	0.496487119616343	0.740618044379279	0.975144575380133	0.879776925275585	0.992423937377466
110	1.292395176689	1.50263551836262	1.10646600321561	-0.00580492593338189	2.11969001543349	-3.3787675650832	4.00072257436317	0.32209536152866	4.44495964889104	-0.00406510296304979	-3.46924675481577	4.0846414959682	0.498048399786854	0.795305673769204	0.978857455292294	0.828989418622072	0.990136522241354
156	-2.75583117768817	-2.65513581499735	-2.87687942703594	-0.0237261600021563	5.27943560430727	-13.417077642151	10.1243856830167	0.886862577497757	16.3195027258098	-0.00405973563967597	-4.51427756054594	3.86497774505597	0.496487119616343	0.65453261038316	0.963862656905025	0.734344110817215	0.982248293300247
143	0.615161740532407	0.702229557522822	0.538836684798857	0.0056921527307745	2.8006951096677	-4.38776294210165	6.70149673780893	0.460647546417448	7.61343643032656	0.00326851455212442	-2.9619065493812	4.57259253756654	0.499218750039737	0.620558083274694	0.965602533383982	0.848221986273172	0.989549134879709
151	1.84368491475628	1.92085947161767	1.75947105305077	-0.00647578627922307	1.32598374976621	-2.14540039225858	2.83061350431597	0.240288306268729	3.42988297387914	-0.00325259277496013	-2.98943259028209	4.44740847277718	0.499218750039737	0.710232396934245	0.972120438987728	0.794903443198537	0.988689449313782
168	-0.853017257090779	-0.878647760855766	-0.807709733986654	0.00948270675257401	3.87644120167742	-9.0572957239344	8.64656913677429	0.57498922481547	13.008302926737	0.00220649492575698	-4.69575909300761	4.62388468420643	0.498437500079473	0.697587366567305	0.969554211479835	0.799051048039999	0.987330985963053
32	4.32102586850381	3.98293417239014	4.35926578157386	0.00330479638188841	2.08886289248837	-3.47642375852986	3.5203223124833	0.326332046545473	4.37811353676265	0.00218777255549818	-3.26645536994235	4.43795713794514	0.498829039872112	0.89825902171203	0.98645569350577	0.9167543929663	0.993369507401708
127	0.484285868291972	0.474058610765685	0.508505883349081	0.0071350059379327	2.96679051376078	-5.20881002605693	5.59820719119705	0.390147247608481	6.45119026258665	0.00211757168074176	-4.05404726034436	4.38580341712504	0.499218750039737	0.842736094709862	0.98149853460198	0.781774775869702	0.98704416063304
204	-2.7483728648468	-2.61633560319788	-2.8984486851366	-0.00861531841641394	5.30326076194274	-9.89105973290092	10.7884505284529	0.929661459856837	14.5760180408369	-0.00151413242542123	-3.38297235179866	3.63500604522826	0.499609679957371	0.639241900982551	0.958797166687834	0.726268622197296	0.98226707084065
96	1.55568510885034	1.46186300600494	1.5912458217945	0.00503864511369123	2.24356378958864	-4.66928425867892	3.95986439399108	0.340972666204151	5.33139994102266	0.00151125753581512	-4.6461299539496	3.84993301951313	0.499218750039737	0.651345409976516	0.970881600409404	0.853688207905416	0.990821782404347
