rab.all	rab.win.Bottom.decile	rab.win.Top.decile	diff.btw	diff.win	diff.btw.025	diff.btw.975	diff.win.025	diff.win.975	effect	effect.025	effect.975	overlap	we.ep	we.eBH	wi.ep	wi.eBH
5	6.46422481168417	7.2455913512244	5.70174036115982	-1.15548349465819	1.54996615801144	-3.62999255431369	2.08089061250551	0.224467224452547	3.45958928966602	-0.705331364390838	-7.25485355581738	1.69358115050095	0.222482455965021	0.00283515461467273	0.403733418066202	0.00305582175844122	0.406015021648515
13	5.25621434677946	5.88901149086326	4.37789632532254	-1.1400435074049	1.7299525540797	-3.87004453117566	2.13800911582381	0.251466702956999	3.83800376932745	-0.6597342985582	-6.9202020358675	2.13454532797472	0.239843768144358	0.00467881352933132	0.407026786422821	0.00545537629986837	0.419213587803542
16	5.15073573720541	5.86849686300607	4.44678529198734	-1.25686911600278	1.87163435348727	-3.96177285902657	2.72341036119698	0.248988274483231	3.97743970822984	-0.647257594121689	-6.34907773408244	2.06290996439977	0.260156265845019	0.00850234548774554	0.4350039872073	0.00952628145425396	0.468900294873329
42	3.33260875098499	4.29503541076296	2.99235489588331	-1.0762369465809	1.76378520992183	-3.99217115030437	2.6132212085334	0.235524191405569	4.18620562429203	-0.572713381851187	-7.21184782086767	2.20729025821815	0.285714299044884	0.0133507621554332	0.459966863585928	0.0243607381172293	0.569128723955488
51	1.5731513838819	2.37053404365827	0.732261254777241	-1.88911409324644	3.36784034705546	-8.14136736897955	3.4106724833332	0.519294274842518	7.42808166998962	-0.5409401344928	-6.52774755188036	1.59029145372247	0.279469178619176	0.007434789213108	0.421647939817865	0.0166918491102669	0.522615481623757
142	1.56785163196469	2.14456315882176	1.14089165782707	-1.10108316214346	1.96234975370146	-4.54039409927608	3.12987157618478	0.298265066379078	4.82994350926203	-0.527027158676374	-5.86979351548833	2.45665422989132	0.274218764425259	0.0204206097715762	0.512928777530983	0.0159604741489202	0.499945624674961
6	6.50751337707322	6.15875069205573	6.847953098353	0.783689328848509	1.47302322535706	-1.66929604987751	3.35316231225874	0.24174275898514	3.35191006904272	0.496197806388603	-1.84014797619705	5.90992148780704	0.283372378882837	0.0116284919608743	0.466603399804599	0.0180663927715679	0.540068409551032
31	4.21781011401503	4.92728696971766	3.90313524659931	-0.924940197591548	1.78256194682905	-3.80778862396857	2.40518617495724	0.281375647707289	4.02908967590468	-0.469565201401531	-5.09951807316418	2.26979770779957	0.314843760914211	0.033807089483318	0.591802674862642	0.0497916828393853	0.691324360039915
85	2.99447573106643	3.47825116082571	2.58979880019974	-0.834850539558962	1.73838073998064	-3.74749772183935	2.64237521657999	0.321983743449878	4.17607225382368	-0.450845158087641	-5.23836645623842	2.19067950120406	0.298204539954572	0.047084104737313	0.622870917416274	0.0396196529220617	0.653186130657413
30	4.74203733236869	5.16101402067995	4.31820365474937	-0.631504679888899	1.33811198042677	-2.88327841379688	2.02044254889111	0.217574637710873	3.26877862876418	-0.408610774730995	-4.74623905942947	2.60548369509967	0.319281821641608	0.0833999288119511	0.712724603441182	0.0530877743090437	0.689292609291337
58	1.92774842170952	1.59646170978627	2.41454479168246	1.02539171078887	2.35747104229459	-4.13613392294656	6.40806023979432	0.340624888273773	6.44603384658772	0.397983548100002	-2.24136154679919	6.91529618451376	0.266406265198469	0.0194739969703208	0.510469531397978	0.0162428739253608	0.510915705354258
84	3.66509492405902	3.19511255872509	3.83568319274164	0.816538724935117	1.97507765863735	-2.45993125492763	4.20366188448753	0.376499553174477	4.10619703716454	0.394641588212374	-2.00616842694245	4.98485981309694	0.350000008383948	0.0571749031858904	0.65287442952136	0.0959408093921608	0.777950730526946
130	0.832506344916795	0.327813846701403	1.63982267504347	1.02022056986083	2.57320032644174	-4.14286208612638	5.06856967535963	0.402399867749327	5.91761446320513	0.375129795985978	-2.63348904065846	4.85534460016796	0.340359103484792	0.112487508808151	0.741544300201037	0.0845342478591756	0.742805512054653
224	-1.38176423536033	-2.02457806097397	-0.601154177855469	1.53991623578275	3.52278929852726	-4.3081625579159	10.6193216174304	0.527260204041387	12.0749735530078	0.372110412529492	-2.54194981776195	6.91417051912905	0.296643259836883	0.0483560273214516	0.556570715812074	0.0348933636845251	0.572918566053262
129	-1.18593122422184	-0.210821589130689	-2.86116015876495	-2.35788507068305	6.00296702369929	-15.113957682453	8.13952004516133	0.961514815231374	15.8091073843552	-0.359929996979412	-5.48452940221357	2.52184533278978	0.327088222307943	0.0758156763245299	0.646650076846667	0.0862707648867241	0.739794510282598
116	1.98160862340332	1.74330783074984	2.12750911298733	0.752776646636153	1.93436393262012	-2.19425815444726	5.1044030885977	0.300395319025905	5.01580978091202	0.359462253840828	-2.44763980335116	5.67679428130503	0.345042943912211	0.0402942506555526	0.602794935714717	0.108214228922322	0.788750979959955
36	2.54792314639202	2.31361297328184	2.97640477545755	0.683173364490038	1.47497105322696	-3.84240304871419	6.0140628841829	0.202469179324892	6.01883954559559	0.354785211869213	-3.23827713071902	11.265720937808	0.269531264884695	0.0479735138412333	0.634116627212303	0.0147167606413916	0.480562482027408
136	1.70152206572971	1.13378420609397	2.47103209677483	1.03571255466827	2.42853363692276	-4.42110799255235	5.13319054389826	0.355411250608697	6.48946506020449	0.35442000529499	-3.60709960272747	4.70231607183843	0.340625009022978	0.214868307873213	0.850554973147984	0.0962606812601674	0.773517202859464
40	3.73516611977276	3.99900794326926	3.37428597983935	-0.661938316409268	1.60658679957905	-4.86787822300112	2.41333918874291	0.249838095115543	4.65926527583042	-0.349297993009745	-6.93386406671484	2.90608075144129	0.317720541510842	0.0632217318024921	0.67046540583776	0.0579347136916764	0.706758449157485
93	2.31682780603017	2.03624358753538	2.74626664573356	0.603714541717308	1.51432149667345	-2.7395722347689	3.63195223961787	0.244499580479787	4.19583941994647	0.349285461471708	-2.84549041073186	5.09994084951324	0.335937509351485	0.0959125950528692	0.719722463902445	0.0764574218542925	0.724023252490511
126	1.62760595201864	1.96123484831968	1.31079207233093	-0.854794268099329	2.322008562584	-6.63310169920441	2.65059045329767	0.37415243859936	6.18538740126907	-0.348695134764729	-6.46833539246329	1.80771693915982	0.313036701123809	0.0273780161844616	0.557764986928095	0.0623087191912532	0.690704048292532
71	1.37912194925978	1.84123917683088	0.872172407207865	-1.33481486748582	3.23868066121549	-8.70274834703259	6.14398645880614	0.56705103642387	9.68935298236548	-0.347297756445886	-5.30765492519401	3.2135091642246	0.328125009913422	0.11372168998013	0.753516082618753	0.0804491346069473	0.74948709256931
97	2.21650085582372	1.89124466387406	2.51279087514486	0.577040425403311	1.57305530396139	-2.81542163880145	3.28648788713509	0.272996278996106	3.93250554975354	0.345474562712938	-3.01604845608802	5.03799545848952	0.35078125833172	0.210019395936682	0.852006169951427	0.12954212800721	0.812331502527233
47	3.88502356038988	4.35287201216746	3.43800629122116	-0.937488713471002	2.58468418182916	-4.96912534871598	5.01909718263378	0.39693306483669	6.06596107492394	-0.342204823899913	-4.72611987999869	2.70613176540798	0.380171747283551	0.201442460426433	0.858544416215993	0.176089783888115	0.880515621183744
73	3.3691385477513	3.22190613108714	3.96151437949163	0.685304204205286	1.90177296538269	-2.64866336088381	3.93236112782499	0.311339828063677	4.10314042892147	0.338316482657635	-2.67891914855053	5.03719193588995	0.364062507465993	0.121892804923234	0.762294431872748	0.136376368020261	0.829995287101204
268	-4.25783504190378	-3.26193724445464	-4.91597911011619	-2.06647985543847	5.3942610356081	-12.4282467377532	9.12351563018928	0.928577608748087	14.8157700556063	-0.332365344517768	-4.86953008214011	2.97407403899825	0.340359103484792	0.208486030298243	0.733338455276952	0.178871404333837	0.756647305638038
182	-1.97899808307023	-1.35782280661926	-2.58202145288072	-1.56647426057525	4.14373426099336	-11.3224049293322	6.4517557308371	0.669636781325965	13.0191173695772	-0.33186658972151	-6.32994802417914	2.52761661179062	0.314062510975013	0.0750053469942105	0.625927375040178	0.0758878628752538	0.684060061967774
232	-0.441447154518916	-0.0531063884440881	-0.883979094754723	-0.884969138533498	2.34409244004932	-6.52308258013909	3.7301281112556	0.418098392145111	7.82127088241102	-0.326970385847109	-5.91999694019319	2.53346008868287	0.356250007970296	0.132755798021748	0.744790314425641	0.121063878255557	0.78106605033484
155	0.837946461800666	0.254575669088762	1.55625602819288	1.02518899885092	3.4022007246598	-4.88480350148012	6.75735903731387	0.552449653787898	7.12003390742333	0.319295210484455	-2.38139568656021	4.6957510018431	0.352849344637299	0.128702749673546	0.765439035032974	0.129223511689386	0.817554124042511
67	1.99157497884259	1.84734942080421	2.20191871583451	0.759828844346909	2.04998615870407	-3.12331743004966	5.71799992604652	0.308691864219047	5.75499944805035	0.315123236298523	-2.3970381494808	6.69077464643389	0.341139743555613	0.0449900288964424	0.617406997797731	0.106454755655445	0.775065730824467
114	1.8096263047159	1.59899735370225	2.31123825037146	0.734988387876474	2.31448877942624	-3.33022521489876	4.57684143486197	0.407189247090568	4.94431537273291	0.308385913357163	-2.42092525092347	4.34463373594475	0.365339585827638	0.144575507699568	0.790081405399036	0.184088987870401	0.874457241127256
124	1.62430028893854	2.01687866339364	1.27889089747373	-0.704141328221137	1.97580331697626	-6.49059695940585	2.78311324450012	0.333598663844249	6.63748737069752	-0.297586234198903	-6.01259163288232	2.530305388799	0.350000008383948	0.0890011634420142	0.712486506371622	0.110968579652534	0.791492300556315
98	2.2937406452644	2.05422548533122	2.62204877881543	0.655294062253928	1.81415561055311	-3.42638069842213	5.31070466305474	0.301215898553085	5.34681847869029	0.296897245252139	-3.09000430403732	5.29327266567785	0.343750008807379	0.150834134325898	0.800334996203851	0.109531744457364	0.781533311804269
28	4.46283746126019	5.40512087266745	4.05486211426942	-0.749616058536605	2.44499977045625	-4.21111507304038	3.76650397572524	0.315369613259045	4.5086731735543	-0.291760281016325	-4.80202631769331	2.80161673980185	0.377343756638086	0.164590714623849	0.818467015731698	0.18136786706053	0.882729940003283
283	-4.04534783896909	-4.52105905250083	-3.44719367448554	1.41952448656332	4.2194605372552	-7.71785485392272	9.734967926208	0.752546203457247	12.4158000330139	0.291270048029396	-3.05604695884632	5.02200981610777	0.373926626665363	0.311873159185119	0.823195104258872	0.24783989474856	0.842511249364568
1	7.37890518141068	8.08899755731565	6.85453883374118	-0.484007533314158	1.71328525543112	-3.79510906607675	2.33718279467519	0.196610402637857	3.65779653112539	-0.290595628126459	-6.0703178748716	3.15062970289223	0.350000008383948	0.0945890439543379	0.732342022019151	0.0989183817929979	0.788007653185316
92	2.23796059734703	2.35898180500135	2.05399219945338	-0.723684545080484	2.33296943637418	-5.44405017002273	3.26116829757772	0.336918460693388	6.02961276689277	-0.287379098474934	-5.50014025945944	2.7918615990576	0.385937506120009	0.114974375435674	0.751709733484023	0.229478772022231	0.910161365161476
27	4.49566562534339	4.86492094788461	3.453987220716	-0.734069988794321	2.40556144442684	-5.04060790856815	3.7533448539258	0.326602630303497	5.26288264970794	-0.2845894006751	-4.65618013745336	3.4307274625392	0.395784548858287	0.204909369810648	0.860073056852734	0.257363123951831	0.928027900745268
218	-1.32335502203355	-2.46752409802646	-0.373957018014826	1.41991465566313	5.13523695207639	-7.70041108747837	12.7153857017289	0.735736438240203	14.2752196971681	0.275455510591506	-2.70102157069579	6.07784971659267	0.333593759518124	0.161938792011178	0.745773831567043	0.0829268922257962	0.71955307058525
167	0.465512288121063	0.133855943835264	0.844170124462528	0.836862037309818	2.60039671769175	-4.63681564781983	7.55938864868237	0.398687853016873	8.64530948606418	0.271968546882029	-2.92787965473734	6.0362182990958	0.34972678434542	0.121970257516347	0.758858236272595	0.10431337266725	0.772997710350129
19	3.78813662259545	4.08818487585234	3.48330532239298	-0.689184082007809	2.56541145205214	-6.25911170080111	4.22447644717952	0.266153886407535	6.15572557268537	-0.270655211894251	-7.14105872266818	3.24403373965886	0.339843759077297	0.123643691072899	0.770528802805216	0.0929339184617543	0.773256472443762
192	0.268627376381671	0.0498090720475854	0.861275768564273	0.881526739663512	2.78152543908227	-4.54611874235329	7.32561694699301	0.383022925010953	9.24312164292751	0.270294519674544	-2.82831222178711	7.02010961092283	0.366406257317304	0.148808015469438	0.781021234474006	0.172660446666475	0.837137377129989
70	3.45519220789292	3.81111369561537	3.20665117656882	-0.506513629198774	1.80332669700664	-3.54816516811644	2.97210330852343	0.351850153376798	4.02203648019626	-0.268128792043166	-4.23564040956302	2.83329194730199	0.379391107205888	0.240859852756481	0.882990717711758	0.210476217556624	0.904936067176216
76	0.957346820632941	0.297594371892654	1.32044769948482	1.04746792045743	4.10839320193948	-5.62837353314883	9.39206757644363	0.536444175438907	10.5489274257841	0.265513521869798	-3.06018454249395	5.42545881581136	0.360655745377152	0.136106290251174	0.781824291777698	0.121345244895491	0.812621872047579
214	-1.45952019173683	-2.02429349823894	-1.02721246917271	1.20537587827471	4.20175755506312	-6.32701166736124	11.4425874282216	0.634345069831347	12.9863096189075	0.264761830616308	-2.40854950211929	5.98006232423318	0.351562508279644	0.126638385079728	0.706488193090983	0.139231822788696	0.802561415147262
68	2.6051380676642	2.45084722242668	2.82343401666277	0.523317613979068	1.74804126158663	-3.77904261173306	3.53508896021627	0.311705898425038	4.7896512881952	0.261710529649243	-3.33945170812697	4.01248988871534	0.380171747283551	0.394151651405459	0.937690051931464	0.236234137724282	0.911618290585843
196	0.0142791196226888	0.197669086526314	-0.283238592927962	-0.695747691896322	2.42941600509228	-6.12544950593235	4.9232685163505	0.384775286232819	7.7211915902301	-0.251614748796394	-5.09327294880925	3.22723230926876	0.367187507267997	0.242493608336788	0.860915229152913	0.227359656521663	0.874260049951944
157	-0.492093459374386	-1.0048733120059	-0.155949502974689	1.32766524219652	5.05591330366277	-6.75434156450524	11.8168336441446	0.681203353604467	12.6070134193304	0.248767153694769	-2.42902907496284	6.23481918497865	0.358313825153721	0.113322554970351	0.743582649038848	0.138137699100174	0.81281379331544
87	2.97030377515064	2.82589856065877	3.77135640636954	0.543542488539067	2.227838835831	-3.18329958222665	4.20743061795049	0.302853402083893	4.76297035720889	0.248539490572041	-3.42687716179861	5.20039109519794	0.421545671532039	0.250706290555302	0.897009718802077	0.384041616024881	0.965206452986466
269	-4.3029845642716	-3.64354687012335	-4.81010654084339	-1.26146371087247	5.0367226200449	-12.231325580379	8.47855621023275	0.874010964884368	14.477481671196	-0.243665212205679	-4.96329207850813	3.03574426174415	0.39062500584268	0.311107183929953	0.828569056488686	0.332466451436843	0.862515019585251
59	3.14254168547049	3.97195821676339	2.37010552961351	-0.70644214223879	2.85499653868218	-5.27267416785643	4.56100817423314	0.378108927517762	5.6785941156053	-0.243141145670526	-5.1863219806649	3.06437949694642	0.398437505388044	0.195075106105687	0.848324160576628	0.260643095793036	0.925399826196792
173	-0.550902288418508	-0.738172734219599	-0.150360971606914	0.9780423203654	3.73897327723122	-4.68658250609411	10.1663614749412	0.619376145041196	10.7492985667782	0.238032328811125	-2.19115043135796	6.1367423820107	0.3796875064955	0.0860854953982966	0.689922372398808	0.221794303993804	0.873622459153779
190	-0.0208629403911251	-0.417422601620335	0.521622477522992	0.795553787016168	2.90624276471548	-6.22074847519812	5.66377338768998	0.517068595022047	8.90328460121619	0.236730871386765	-3.44953682571686	4.45023945729174	0.392661988540238	0.402437010665226	0.913867351739875	0.242890980497152	0.897681115277475
69	2.8169336653225	2.98237270776025	2.42001733668793	-0.666399247721305	2.59592211027063	-6.69825292356395	3.08342309462363	0.406650683591085	6.66501218617244	-0.235886410097294	-6.18804351694124	2.05859131381939	0.381250006400992	0.102282574386764	0.738998237188042	0.209744031064596	0.89196129971348
21	3.04888437977581	3.37076889879304	2.68192972661678	-0.77229036508559	2.52751203566688	-8.64377272787148	3.0020417146667	0.409909679078859	8.39447616060442	-0.235165956769321	-8.72325784232006	1.97496357650238	0.355191264857763	0.0413311414569076	0.618539408475237	0.134941781553733	0.829601300562996
223	-3.55192460585613	-2.88886890532072	-4.10922005426188	-1.32926235080036	4.41165691285855	-10.1870811049125	8.28987493026831	0.747747356098197	12.948291156717	-0.2285527975528	-4.74062211312418	3.34733360601576	0.384074947673473	0.373200872134415	0.856309348067667	0.271903740854069	0.861358677327261
49	3.64371850588125	3.85284752566595	3.4395038711564	-0.401625152074604	1.74015102870403	-3.64784709584807	2.73891565289438	0.253576719821841	4.22241805393864	-0.226162576677128	-4.87935670603199	3.27427141884602	0.406250004942117	0.275879832124621	0.906633165659276	0.347446958866161	0.955197868021166
295	-4.6314009099041	-5.16849500073025	-4.18187687787207	1.108760028051	4.22117848153424	-7.46185991030675	10.4690520259584	0.773825902950925	12.7579944974258	0.224578666170731	-3.22327080721819	5.02006478506083	0.380171747283551	0.282400122349751	0.791713515998212	0.271879276192757	0.820687672480933
81	1.30648443065008	0.777101282338848	1.66127459460219	0.683802380556713	2.98828645272918	-5.63562570119538	5.05636017151034	0.452731517676582	7.09028836862852	0.22187044308711	-3.98112404274987	4.46716205272438	0.386416867908675	0.62849713206327	0.967294850714632	0.266343852664024	0.920589953635643
23	4.98114330642028	5.40156813027136	4.7626332268385	-0.444480397710904	1.89677734367305	-3.85587903817205	2.85870139044769	0.304293722956507	4.54537258999348	-0.219879386395896	-4.39641787071113	2.74656217561107	0.415300550876477	0.294575626605202	0.917093991693854	0.425601127661388	0.969196696731184
254	-2.97097146377858	-2.46288829918498	-3.47800206088065	-1.01183035912632	3.77107127674144	-9.5738286038232	7.64770153915957	0.647590746224785	13.1486992215058	-0.217820745078352	-4.66103018751723	3.7597536707408	0.380468756448192	0.338897484350656	0.837281777885303	0.266657611097463	0.843807375334736
236	-3.15212880316927	-2.63804875647836	-3.45892416818026	-1.12533134666169	4.84388394555611	-11.1776568499878	9.80666955837828	0.79151098096047	14.8635703690139	-0.212608044883345	-5.13475862402368	3.56069848888516	0.399218755343073	0.380953894704458	0.873983122967281	0.330131685296769	0.884802714033559
74	2.67123233797583	2.34567147803486	2.92215417328437	0.475732555859902	2.02917009309889	-3.50819088780298	3.88668110916516	0.328547223382169	4.28704540302329	0.211192138277041	-2.56227205290839	4.7184611960745	0.412177990550335	0.237127723533674	0.87951272487136	0.364718536870604	0.958928219566552
251	-2.94842326276533	-2.5568544445267	-3.23646529656174	-1.17190662857229	4.89321695002325	-11.9805196655555	8.11352855680251	0.871166696817778	14.113160353056	-0.205378483265969	-5.43882618169052	2.79756333437531	0.402343755164045	0.275006174574199	0.831868150847721	0.311875278313342	0.892917680303348
53	3.42103541523195	3.55812466702883	3.16636035062282	-0.453525261903586	2.07683085072523	-5.47719281740873	2.98985934483814	0.306757530541408	5.61742003509577	-0.199338225538279	-5.88951643745006	2.4676029547701	0.398126469097769	0.129145590089733	0.78026274738516	0.301915614618966	0.944432332245053
63	3.0052651602051	2.63513751010581	3.31777697589191	0.430448853237603	2.16346297684316	-4.15632073236542	4.45030530988573	0.320191824154635	5.13667276124578	0.196585163057558	-3.44505682391165	5.06678902544512	0.413281254547535	0.367265795044209	0.938361491638064	0.3310753464226	0.952492671052925
158	-3.19517296845785	-3.85025964251043	-2.41881269535897	1.40680232757394	6.11143952751441	-12.4743670046218	12.8148823196852	1.01865090721229	16.9667718150338	0.194247805120227	-3.54649155042934	4.44211702097571	0.395784548858287	0.449963649212943	0.919032985868752	0.332436039899156	0.897438616347452
10	5.54331976831797	5.50888531994415	5.62056817613952	0.362387509371948	1.9463137005618	-3.10339546148564	3.43020379700554	0.271089909921719	4.33754307000962	0.191263044929638	-2.85223436560746	4.13553921512613	0.425448871943848	0.432165061359444	0.946622464545695	0.469251640026422	0.974076456054931
193	0.61716757410725	1.01797021182302	0.377583593427333	-0.548985686390956	2.56426608272214	-5.29637170269189	4.59223672639857	0.414491231245089	6.54450295705694	-0.189456982174458	-5.06049063249878	3.39490989846652	0.416406254374059	0.369307149818558	0.927428288341439	0.393150269128863	0.95475838574022
235	-4.59982471420967	-4.08110912959132	-5.14845826390799	-1.09100238820036	5.23824498557099	-12.0748712857787	8.87291586288306	0.803410702997283	14.4263954224174	-0.189075697784849	-4.48217566470043	3.03378898990155	0.402810309579063	0.361306184857206	0.855304754387202	0.347753864393881	0.879141741484645
22	4.47733616756063	4.35355603596343	4.89698968867392	0.339523894031355	1.6365252031327	-2.93824649044846	3.06902389018897	0.263852794217281	3.81861017062961	0.188839499403179	-3.25915516113665	4.05399769613427	0.425000003902503	0.462470584862742	0.950196014287322	0.446286360275938	0.970092281326366
208	-0.513201972164524	-0.867332032859904	0.159185563616642	0.789888357343173	3.92171551654212	-6.60680702306374	10.3648442075787	0.704297551035738	11.6289298813331	0.184650957400664	-2.71058724452156	4.51197200332554	0.415625004417324	0.300654443091343	0.882670804528229	0.351382419073045	0.93981926852029
95	2.74252883886618	3.02599978151551	2.62403727496741	-0.383778528788795	1.94706053516423	-3.66118746036405	3.47501942263858	0.303998205575935	4.75757150581164	-0.184420637528845	-4.44579389468503	3.30736365317854	0.406250004942117	0.484296983862207	0.956091729529478	0.379789416281427	0.959026147330333
293	-5.03854085536075	-4.62559130037953	-5.40643717340635	-1.0054952276471	4.47397786721554	-10.8147609532398	8.98705350786129	0.758332874506751	14.0499099818161	-0.184377295798963	-5.18774467690111	3.22797699759066	0.406250004942117	0.395988778777594	0.862719739234586	0.380312573539234	0.880761484241804
109	2.00661460150432	2.15193497567775	1.85429813927021	-0.344007299749056	1.67040986916713	-4.16516224908874	2.56833346592685	0.278142031308896	4.53995694370073	-0.18407009109266	-4.59824718314287	2.96096434363915	0.404687505030646	0.215626614561381	0.849835520681826	0.306830898245234	0.933317087138724
219	-4.28306269920669	-4.62056194119919	-3.80089355679422	1.20399791540807	5.67845039256386	-9.18668878428345	14.287905867935	1.05918767116122	15.9597623472189	0.183373721874088	-2.88787181129496	4.65073802057412	0.40749415006331	0.342608030874541	0.836189759475079	0.394437053257353	0.892345507298264
273	-4.08938763283928	-4.39060663500495	-3.7348136200483	1.01474852951542	4.98297510800527	-8.54104984219163	12.1427528842704	0.900997329108256	14.9070350375246	0.181259887911962	-3.1817773608823	4.50866583185206	0.414519910794836	0.362324888716055	0.863461044702809	0.400146751246554	0.903446491006601
60	2.94298297504251	2.60317813826254	3.26107173236937	0.348812322922036	1.86626962259163	-2.74085419091854	4.58825265218289	0.275796377975548	5.44675257855436	0.181203438674095	-2.7179983208301	5.06285833558738	0.414519910794836	0.269352535330288	0.90135778559914	0.376666654166828	0.956279863360236
159	-0.185950395348443	-0.520134252934533	0.23109823273712	0.761599009029358	3.61352756656826	-7.78649627540076	7.13959858153299	0.467909761453246	9.82712667972056	0.180899614836024	-4.35502302317646	5.22899489802561	0.395784548858287	0.544589584455254	0.959017693323036	0.276158172728675	0.909329384106615
278	-4.74236949974008	-4.26629450844412	-5.10206372104394	-0.875906479823096	4.11921515243031	-10.5816341904315	7.91494648562908	0.69185745559973	13.2721071156974	-0.179560320194181	-5.35643117278943	3.37766328943081	0.404687505030646	0.39611366255023	0.855852828427595	0.388281597444594	0.875439892341227
12	5.47233060072478	5.21908811060892	5.69972258752844	0.379779107898952	2.22285413318629	-3.68171094193672	3.93634549525802	0.317335627249149	4.48805587493664	0.179480880108006	-3.09076609982153	3.95433949948673	0.413281254547535	0.404654743403127	0.944725558327125	0.394582386580667	0.968197308073607
246	-3.16187812670159	-2.61349650312005	-3.75326263753392	-1.00233613384208	5.00442276398977	-11.856368507036	8.59683904068779	0.982378872066841	14.2929548679025	-0.177841311183824	-4.49724030428696	2.75312651708297	0.40859375480991	0.360265683813492	0.858056738976935	0.393896787922759	0.913564017648859
107	2.08700215837959	1.8957727091083	2.17102645071806	0.42506798363334	2.25506714917058	-2.79393040967633	4.78128618113075	0.248501270644472	4.75961792871897	0.175100908319595	-3.64459008965155	6.05034002731074	0.417642471121814	0.381183616071539	0.936612808966906	0.400243872346934	0.963722250268937
9	5.16374823690994	5.63916637465014	4.96480211602437	-0.420013491477952	2.1253160002261	-3.79598378906556	4.30959536531457	0.323900983959803	5.37457950114173	-0.174018104509296	-4.77636606788542	3.4472858614996	0.412500004591081	0.545751874697778	0.96346962503701	0.34285513329711	0.959179680499139
162	-0.136090477713922	-0.417377595144437	0.153684482129265	0.554504357691108	2.77935831350738	-6.0291137811224	5.48863149924061	0.461404506506428	7.33007169876104	0.172103043698345	-3.71063992288206	4.19142852774553	0.406713509982405	0.571030988379099	0.95841588703812	0.3937086562311	0.954551197548305
188	-0.927695901446709	-0.601498530557908	-1.19930526187859	-0.602803590171936	3.06476548636296	-8.72256530492793	6.14762598949878	0.486017681168913	11.0482732953682	-0.168624365251822	-5.66636414554163	3.10574320355435	0.398907109177772	0.372308127734108	0.896417613169197	0.332338043909023	0.926126908444522
139	-0.346149264094532	-0.129911798063612	-0.568375683174863	-0.63164671950029	3.34158745112892	-11.9906063856875	4.12355911422332	0.389418094494514	11.5206211264868	-0.167796994336317	-9.53977806749552	3.2008647104212	0.378906256542918	0.0929003326537842	0.702784421736921	0.255646725195091	0.882667582356875
152	-2.85539131163499	-2.40053954879482	-3.28236669204865	-1.2290974672708	6.21542865149924	-12.3098596224918	10.060945018018	1.10582954571431	15.3464052494492	-0.167305258912867	-4.39321033086231	2.90942818938414	0.412177990550335	0.363974426661253	0.895048627488197	0.39897394757762	0.942132492635439
261	-4.60994334854927	-4.84760072519905	-4.31789472298211	0.851566937948492	4.51683927443512	-8.87003909115911	10.2590304170891	0.729885186714467	14.3799712245776	0.166516982144695	-3.77224766916993	4.07712589042013	0.419531254201679	0.409170792723318	0.866664996716364	0.403556201363208	0.894592045978904
296	-4.83196188372387	-4.43344614804093	-5.25713064860726	-0.778245052593146	4.12331948880966	-9.3948412700924	8.64455119077178	0.699034929854629	12.7100820094737	-0.165926828556942	-4.38699227801557	3.82544701166111	0.41093750467839	0.425020017485843	0.882468051419965	0.411627349887328	0.885557422308413
195	-1.75468925493742	-2.14070891742058	-1.51666464108812	0.709700012239685	3.7043374423366	-6.47790143201355	9.12339781286887	0.531139305592747	11.3894301802716	0.165152940347144	-3.43659065092397	6.31216959568677	0.405468754986342	0.283049278788206	0.844923761718593	0.367741892088237	0.926628745184478
161	0.361485180746715	0.658738357291804	-0.201169678074796	-0.613336970921533	3.23025895334436	-7.73131751175143	7.27938873457392	0.464271906205512	10.857716093986	-0.1626290412538	-5.02187290983219	4.14400542498262	0.416406254374059	0.536735167348459	0.949764357228504	0.396661821295586	0.954920636237133
229	0.126837707390335	0.374696074897742	-0.126909336052113	-0.404429684697684	1.99070574469785	-4.48752197991214	4.50200954655506	0.324666011407939	6.53438966270375	-0.159200362249188	-4.05431522346717	4.02702423933316	0.414519910794836	0.591626425956932	0.955433653738753	0.370891031691264	0.940360492612159
201	-0.903447425377036	-0.553055079110282	-1.35276388507193	-0.72836331804054	4.39344864279965	-8.70062293869794	8.41962901413221	0.508004236976603	11.9248899645976	-0.158982328078362	-4.99930320597166	3.95219125051017	0.3914062557968	0.483831953597362	0.933368055767951	0.333560373137031	0.913836240374528
101	0.18307853075089	0.371079020105097	-0.0763776853121723	-0.657389677145937	3.92489423974587	-9.52263470421149	6.08740056087621	0.432310865888662	11.3017433861144	-0.158787025995942	-7.8220117490722	3.74643837056298	0.3882812559809	0.172443629977773	0.81444071442906	0.242018198419446	0.885226226238919
199	-0.543998408634453	-0.665761410380932	-0.387535849192268	0.460420615500434	2.58320796429623	-5.10409090066799	6.2964150707286	0.392311807437047	7.78154192881328	0.158411464145959	-3.77873119074259	4.58182336296523	0.414062504504061	0.499508151346085	0.930563882062231	0.452930181033153	0.940476092045672
78	2.64700698042898	2.45450346870566	2.81875627592829	0.313653458073681	1.66651338824135	-3.98461225910419	4.46738502891007	0.253122600719244	4.92582791301136	0.152700027707813	-3.85291823650411	5.73149074062277	0.411397350468979	0.453228700508158	0.946887738125385	0.344132126969829	0.943194115389737
132	0.670129093884079	0.444172070456565	0.890447159069536	0.489061516351746	2.79549181158082	-5.26700539109054	6.88146957091378	0.462810670228851	7.85188960527894	0.152671468514932	-3.62188880044655	5.44568507136264	0.416406254374059	0.348022674497419	0.916353692620059	0.343257636095126	0.94542547742434
128	0.82966866373152	0.971694354333564	0.558098176149347	-0.575164372612605	3.629094904689	-6.82839868007002	5.49310824484284	0.574490109860791	7.77462410815715	-0.152435934109946	-4.16494766741553	2.9649489383879	0.432812503480172	0.435411763241591	0.946437313423042	0.443602621162153	0.968025823117025
37	3.67172677276951	3.55519626724355	3.96021065562256	0.29761793681778	1.76084170751278	-2.90395131038048	3.41063368403065	0.312544074714068	4.00617921065315	0.152213061988566	-2.78219073746017	4.62031196384965	0.431693992605808	0.404982962339434	0.941326348131917	0.423215368100083	0.969266005386455
108	2.02841059421606	2.18182075759393	1.82604494204894	-0.376848285433802	2.21849926354928	-4.89287485817178	4.26292116836619	0.333420010015204	5.33102887799762	-0.150837901216036	-4.9475079529843	3.57680953211953	0.419984391367754	0.518740690062276	0.958686163631919	0.377237243167043	0.954691422378884
281	-4.55151992457518	-4.87086478580077	-4.22910703825578	0.71868835409879	4.45182136930427	-8.42896231919647	10.5425376557099	0.803265474854166	13.5875913903752	0.148271606546307	-3.64876276501177	4.52511135445449	0.432031253522155	0.48644169684937	0.907270171960222	0.510213649470168	0.933335432977939
299	-4.60642447160526	-4.87777694569345	-4.23908043007296	0.867087640565776	4.6671662697909	-9.32269542632258	12.6000402314164	0.820502283194278	14.9287315252517	0.147680659929859	-3.54333334152831	5.03815112442934	0.416406254374059	0.400255461436085	0.867989507956688	0.422064004928646	0.896347193468841
186	-1.56028124143453	-1.89660403506114	-1.25825941147471	0.650438379229408	3.87241154320305	-6.6212372954709	10.1065663539296	0.621446287998497	11.9455799823562	0.147484793267543	-3.06709552130388	6.43538075482664	0.404687505030646	0.3011368319004	0.866911835656083	0.359827181895482	0.931836083798019
123	1.82435540267069	1.66012792533396	2.01653895406545	0.333907389278003	2.20044516417752	-4.45002548750314	4.93739043777134	0.298872622174753	6.05065094732804	0.146173381788999	-3.99762315759523	5.42508299026743	0.425448871943848	0.481505001008037	0.950594432210853	0.471477443779436	0.971414647140534
245	-3.85469183717256	-4.12484061105911	-3.56300465149489	0.973258109017351	5.74807412640323	-9.20606147761547	14.0485189465135	0.980420577077888	16.4088741177743	0.144431008888188	-2.8856718040624	4.74752676376598	0.424668231861364	0.338333453996225	0.855440916823756	0.447621656276842	0.925857334876573
282	-4.49092470034952	-4.77135086505662	-4.14465147599198	0.674343053490481	4.25058252738604	-8.74567272031858	9.40911040597089	0.757860052490457	12.9116990845769	0.144066276098026	-3.18544863056981	4.59783109201606	0.421093754115883	0.472521214589341	0.879279929631264	0.430219489640283	0.897915701955674
287	-5.02372600725632	-4.74176813147982	-5.23117092107159	-0.687307199345492	4.32382221418169	-9.98712375157695	8.58731097520023	0.806905800476976	13.1225232604217	-0.143844681874469	-3.8119673120778	3.21011606000912	0.425000003902503	0.447385693927129	0.890786927217308	0.426656399625535	0.902140570885717
174	-0.709486093763393	-0.870310372223809	-0.478238330946045	0.435976471498826	3.08064739502914	-4.93449232233175	7.00995754442552	0.455885499486299	8.50494650980417	0.143208890924542	-2.7606339085644	5.93022786080264	0.425448871943848	0.336482236852259	0.897949159612171	0.415194574429133	0.934522682386729
64	3.38191302409332	3.73338040109112	3.31774859347771	-0.402872155704148	2.23786275737996	-4.17086871467486	4.69305672716703	0.296023978151761	6.40417492992842	-0.143016130826579	-4.49830119303067	3.82447123915699	0.424668231861364	0.637813758092218	0.967097917727879	0.44836370282197	0.970582221264751
79	3.51008875871147	3.24624104140702	3.6457949444838	0.200750335212841	1.29138486634814	-2.24336653473995	2.7531530207656	0.212265327898462	3.2098941999718	0.142041769836059	-3.00929176635261	4.35754480436558	0.439062503146173	0.493471815478683	0.952125022589493	0.517705325481591	0.973047617554574
54	3.12329088124959	2.89282945345817	3.45297515464751	0.288840753754715	2.0467629087675	-3.05926960899846	3.24562201063881	0.311569287641618	3.72684482175612	0.140305402362591	-3.43708311299379	4.26988049256397	0.417968754287735	0.527484643050521	0.955786984990814	0.445923343957807	0.96537737063846
265	-4.81004971843843	-4.44614700314875	-5.04375741791555	-0.737399477274939	4.71472118213518	-10.8552561388555	9.26130731641486	0.782785463422648	14.2475765628341	-0.13908209453725	-5.06853202670609	3.24907400233056	0.429352072357148	0.406291155987809	0.864220513626228	0.429721288571173	0.896393520106127
86	2.23264398471029	2.48137191352958	2.03449943913651	-0.488802886873729	3.28365922578678	-7.58530292925557	5.95190026580962	0.563783043155643	8.7090138517059	-0.13816232913887	-4.50887602925435	3.29511977218985	0.437500003229373	0.484253499550642	0.955157943915522	0.503010639665422	0.975706934926438
256	-3.88983361876985	-4.05201740811469	-3.67093006428244	0.764945092798465	4.78634156100864	-9.65925947787249	10.5801683975682	0.914077304382676	13.7946225618023	0.138014720265455	-3.59809354471507	3.93437609494695	0.432474632688803	0.482190297425549	0.909674745023914	0.496037405641185	0.934520652588526
26	3.47947922315862	3.30871631395965	3.54227825971564	0.426412839807862	3.22261480991574	-4.43736160925738	5.72801435258275	0.306022037994446	5.9332853773372	0.137320119684179	-3.72495346675218	5.21676876056689	0.405932869901577	0.29763857107385	0.924012171917695	0.28541847828952	0.94268266262705
203	-1.30632051314079	-1.49716681828593	-1.13537997172654	0.721493325277145	5.14248379224748	-8.90379980524123	10.8834963849128	0.781141633306239	13.5011660324158	0.13552134880659	-3.53226859401952	4.1438247928732	0.428125003732887	0.52399951570395	0.941307212858342	0.549803860435654	0.972024120417577
207	-3.46576512458656	-4.12221677534995	-2.84063277368596	0.826892251726797	5.45119983243009	-11.8058035409498	11.7724384294822	0.830938647944857	16.3031312281099	0.134784148031414	-4.19695676692135	4.63637854573734	0.438281253187749	0.57331568664368	0.949808819367798	0.50683538116087	0.953629607835561
52	2.56281734174207	2.69473136229941	2.42925857384867	-0.384861973969715	2.69218871078656	-5.50948229074636	4.85983487375526	0.374807326978012	6.33816912900028	-0.134441107845514	-5.14120869440477	3.3012740596705	0.433593753438244	0.37651222391	0.938280714476811	0.483913801916746	0.972975553634633
41	4.05103998878144	3.95010893220313	4.34410878665824	0.229698172463515	2.01574468448925	-3.2045365869615	3.6381133706052	0.299589705203219	3.95913727408177	0.131719239665669	-2.84661963641393	4.16333822076326	0.452343752446144	0.484174526126044	0.953089867702794	0.55225113718847	0.978513520002165
249	-2.44007193091469	-2.03356189789216	-2.96690565116254	-0.686576722634361	4.81433394131027	-10.7681664144201	9.72151904870563	0.670605455478538	13.8407739739253	-0.131210990619702	-5.05696271089151	3.6190146530891	0.423106951696578	0.487293937430526	0.923074945777883	0.483415013240008	0.954753996460603
234	-2.73283231832368	-2.97333836519627	-2.44382472100372	0.512875038917715	3.38534803658487	-6.37860364087032	8.03105301409681	0.561314211258046	11.2259342192469	0.130936196407994	-3.70595745037058	4.95478830170947	0.434375003396367	0.48196454716523	0.902166643265669	0.488654500882384	0.929494119825789
209	-0.198069080711657	-0.256644695184758	-0.170487829435891	0.385856513878132	2.77400590124632	-4.05736483509657	7.07767820786243	0.420560539796091	8.17697699918643	0.128080532870831	-2.69151815227677	4.6565413851901	0.440281033521577	0.367622618266509	0.910240800694595	0.592902656985296	0.969295807318234
119	-1.38139146907361	-1.69195218068155	-0.872319051195141	-0.815243523725027	5.70277194197962	-12.5642645676889	9.78503479998454	0.775448426359894	14.4123429018677	-0.127927607180429	-5.09572512573549	3.43273500092849	0.446093752774057	0.549871448439049	0.94572030428252	0.58862485440216	0.97338649338141
72	1.9024108371195	2.14177099764584	1.71233244981791	-0.382501439628938	2.6178247043014	-5.85206553313964	5.67127529875184	0.354753918692866	6.83919803964272	-0.127400611967184	-5.15211691460643	3.96201471392088	0.430132712439979	0.542496925804114	0.962176152052518	0.484277183688176	0.970253490498361
275	-4.46162163371097	-4.12028956991323	-4.77383742286711	-0.732943191834287	4.72568369806357	-10.8090626157028	9.69241538521735	0.91467990213917	13.7680378259697	-0.125640023006299	-4.81118612292064	3.79138743274489	0.436377833104566	0.523212874604454	0.926268062990182	0.480213902984146	0.938102783646613
247	-1.18703802537481	-1.61396586340403	-0.850458006516249	0.617753401242967	4.04776939079878	-8.11955732212175	9.0617337884882	0.679843796196558	13.410525455351	0.125538781721754	-4.03380283401926	4.40995251898484	0.436377833104566	0.624135147352185	0.956335840872774	0.53094294140622	0.969425257460937
29	4.75595994706221	5.09355059732103	4.65004163938148	-0.185173640704555	1.36225241397455	-2.29683489379006	2.62779919087251	0.219768538088485	3.16567493463665	-0.124591575422618	-3.81511558870431	3.4875212124918	0.455113195116129	0.691447088587897	0.971852962189552	0.579591877793798	0.978956668049271
15	4.1792871709881	4.60962869809266	4.04659648479337	-0.267808709934821	2.13039617860241	-5.93753970545358	4.09557933779036	0.222002969686624	6.10042784952788	-0.124075861178367	-6.59335741929805	4.15293199138024	0.435597193021311	0.56330030022589	0.963650852332177	0.523500424519975	0.97606886607659
231	-3.90188475950018	-3.37824462201555	-4.37066293322942	-0.739315093111593	4.9475392547583	-10.9201784067521	8.94117608831533	0.869373146545309	13.4474894632232	-0.122967420390779	-4.10137617372379	3.45618559153764	0.439843753104645	0.480386757813859	0.919881249271644	0.486219804302169	0.948672220257277
252	-3.08608715537952	-3.47005996283347	-2.87998503126025	0.666620332824165	4.73877119319943	-8.82209684869985	11.0034141396973	0.755878155346124	14.064022921779	0.122182431346654	-3.30994597854561	4.24721480677793	0.441406253021729	0.486252340300475	0.919386738383654	0.496262913457177	0.941918107520295
77	1.08142552923941	1.37503353224185	0.86893506288912	-0.506945061868631	3.72194070313313	-7.01976203619263	7.53006404066396	0.552608465613831	9.29769352465865	-0.121956622058896	-4.84077015617368	4.22136975106963	0.435597193021311	0.79272042981285	0.980602424545968	0.485739339675892	0.971934241916123
105	0.906415414007216	0.83690008478995	0.987657776496438	0.524056169832324	3.70680222320218	-7.60525096256531	7.31887264095486	0.5687324426789	10.3744666061449	0.121219435752773	-3.70464486611645	4.49401037663341	0.440625003063163	0.600033610303744	0.964011730346685	0.543091207816318	0.976434735856621
103	0.582693306073399	0.89963957589723	0.274677207951656	-0.405664328424708	2.986527837215	-8.60512425286503	5.34340185900047	0.524492671263819	9.28117408215993	-0.11895147791506	-4.73317272391295	3.54168029268238	0.435156253354543	0.543163078049902	0.957323522033308	0.537136178682341	0.973804803291626
241	-4.2287718231838	-4.44027246860948	-4.05938035592279	0.798609276454988	6.0596133017513	-12.0847078461102	13.3565897318408	0.892471487658498	17.2445804428055	0.116427451466139	-3.30111843592503	4.96281261227963	0.443750002897696	0.593655152127991	0.943169221990334	0.575863965839089	0.962549682441557
8	5.65989190148943	5.58363038420534	5.75140411296117	0.252317789234405	2.13425455770164	-3.31230271761993	4.25698576312924	0.238696988462103	4.52029784892482	0.116116666129609	-3.23451201618047	5.07304000034131	0.448437502650794	0.453419083813828	0.949466844374002	0.476825492186045	0.973676252414866
24	5.16178537773462	5.29125453852269	5.01135307695334	-0.201671119571527	1.70285664405538	-2.93257987631449	3.09903697805984	0.303831035805981	3.92788160494282	-0.114304367151909	-3.34148382250994	3.00772866531684	0.443403593856027	0.700333101284747	0.972578750851666	0.643176954648147	0.982358174219853
289	-4.44837429385117	-4.66984086330218	-4.23283680979971	0.619616138237083	4.7149369372208	-8.30686714912293	12.3919674198627	0.782162470133848	14.9958220741579	0.11426776229284	-3.0706797075899	5.15217659224026	0.438719753354628	0.399031540874782	0.876966206973463	0.514707516018529	0.919560185443406
187	-3.06315517085208	-2.121546275843	-3.7205152621057	-0.682320629391564	5.37359717291341	-11.8248959309624	9.78469572524788	0.853143564032039	14.5530854808485	-0.113134157711636	-4.67236406901065	3.52076164538491	0.448437502650794	0.472850619520054	0.926446367671985	0.529342564195639	0.964840768703285
285	-4.91459909232636	-5.18220958280489	-4.68500240213164	0.583811954263295	4.53503318363996	-9.03216558493955	10.5136488531431	0.865394022643683	13.3511909677121	0.113073111688507	-3.44348862723114	4.32407841472769	0.436718753271046	0.465609647427277	0.897662209330777	0.487451926053694	0.925517912223745
120	2.41297711615096	2.1190972092641	2.67528034867052	0.265220550185304	2.15465714433203	-3.81500523617523	3.71797555154284	0.364620309596327	4.54291728142141	0.113006299127103	-3.10210787070207	3.69484316946008	0.438719753354628	0.704860549537306	0.973336632674534	0.588166883867194	0.978766576682802
113	0.462416738052009	0.628437209551548	0.251266798354884	-0.475090061943542	3.60766195362357	-8.14686850195978	8.08409124294035	0.633015557498954	11.3042955724955	-0.112886857347714	-4.06233840154706	3.73462598944623	0.441842313688712	0.595667200632467	0.958353756423863	0.521830539034702	0.973876216743062
294	-4.84683016260114	-5.12569414048715	-4.51038625360074	0.619059546968087	4.591675085638	-9.37220359675727	12.4380579095963	0.706452211606465	15.0978060957687	0.112541725699663	-3.69850122379377	5.87024444060077	0.432474632688803	0.407322458947666	0.874520093389109	0.429176791623857	0.898404137029087
259	-4.13580644386486	-3.91271361159285	-4.32253778380845	-0.577379637832187	4.59275814321793	-10.4642795329294	8.90405062269549	0.910068298958989	13.4086318527708	-0.112257380130654	-4.096543438331	3.12929513691279	0.445312502815228	0.533117902011256	0.92610916456932	0.545588743322676	0.953413593219824
146	-0.770457705161174	-0.856950755496137	-0.612376702352988	0.457887257834903	3.69690164729247	-8.38189676522921	7.43107993927991	0.630401905356567	12.340225805857	0.110891041967308	-4.12667688400177	4.76955789313365	0.439062503146173	0.683799734679838	0.965379892744068	0.558418332377812	0.970011397267119
185	0.641054903198725	0.542476157575208	0.839211812123994	0.282545408231237	2.11768574144271	-4.45278557777113	4.58724808429855	0.362495032597658	6.61174583506212	0.110576018016743	-3.44656574146384	4.76844363505241	0.445312502815228	0.536885895723804	0.953250390446482	0.535387874003055	0.972420702106863
131	-1.1498916396525	-0.539549491534564	-1.50801763976242	-0.668492218429807	5.64764400080739	-11.2192682226789	11.154082283673	0.901241870071614	15.8156332043036	-0.110307321965631	-4.51720936712575	3.89664957074372	0.451209994695133	0.754332541776767	0.974224363135844	0.578851073094979	0.974578843378397
181	-4.62053016189444	-4.80666182892617	-4.36394964158886	0.708978775335813	5.2040941888732	-9.32442751801197	13.582302536979	0.946149156825719	15.6140667113155	0.109715035091652	-3.50313281622341	4.54751959139073	0.438281253187749	0.417607124657028	0.886602999689596	0.496243600922902	0.915971955023694
100	0.655220379701095	0.84049908145562	0.449097764833422	-0.313995083210906	2.73052649086822	-5.72332775340425	5.23174515261692	0.441158501071788	6.44829719490964	-0.109594902358341	-4.0417604245291	4.31453530612795	0.446093752774057	0.828920403734154	0.979574392532349	0.630045569873073	0.978885592997121
257	-1.95532085892304	-2.21942552137958	-1.72859051774491	0.50042535576889	3.99671256957256	-7.13137655224225	10.6729361943536	0.666227128192186	12.5946287636019	0.108829608850689	-3.23747087839722	6.42737214846322	0.430468753606281	0.372392154366092	0.892600685727018	0.474070309060123	0.950906164131422
104	1.5870217204224	1.51766663127613	1.71088158454923	0.248519897274265	2.06537365051946	-3.73147780191004	4.46316135602269	0.326248330969123	5.19337428719736	0.107387552618343	-3.06740598150871	4.27156249774599	0.441406253021729	0.463535923511517	0.947420741754714	0.569660426185301	0.975924107335044
205	-0.959419088835636	-1.22742574609527	-0.693107939814098	0.538330392661082	4.79008800633383	-7.84515284271663	9.95783737999622	0.538585026230005	12.8143537151242	0.107289217724395	-4.2557432782627	5.79601480420883	0.433255272771852	0.600260771146047	0.957279638630686	0.526135582413278	0.968789483695164
61	2.50337023858138	2.48645641181742	2.52965953448199	0.483200237263831	4.42243081077355	-5.54849609277666	11.1710810431161	0.435008314061773	12.5265373933051	0.107233601594992	-3.74458866889987	6.95257103559653	0.430132712439979	0.275244128826882	0.904903478337831	0.520622325551829	0.976989207558946
292	-4.90473901556933	-5.1240685601164	-4.60246832678996	0.514975746323791	4.18002999800682	-8.85531206336074	9.40038707135366	0.677212931189966	12.9109925562724	0.106901721599033	-3.79876224715185	4.41014410226686	0.443403593856027	0.478045361568494	0.901868233822542	0.474483075216416	0.922402856302747
122	1.26316605419731	1.34221456057595	1.16766295205605	-0.269857637083315	2.67163033847417	-4.85565345655863	3.97811593187267	0.274189635898444	5.16118037635969	-0.106890454548137	-5.64632679093308	3.95788987090878	0.431693992605808	0.40092864895412	0.93866139866396	0.45816704514431	0.957213556114969
264	-3.36695835007262	-3.54635182334424	-3.19045367040702	0.546318422175313	4.44514560371854	-8.73887441530273	10.1594419910122	0.71157584561203	13.7528753793386	0.105816284660076	-4.08857105004215	3.93578505032063	0.439062503146173	0.535019231715603	0.931714649155212	0.579157365973749	0.9623287117915
237	-2.63509201284941	-3.08939274354825	-2.17621471571307	0.562104044632642	5.048059150317	-10.7522116843522	11.5062018544497	0.8392520485666	15.496033520955	0.104705587118517	-3.68587894989394	4.43927905398636	0.446526154191179	0.587398825173225	0.944653717431268	0.552188843933257	0.966268185225582
50	2.56359265291383	2.65158073630556	2.43845654560843	-0.271617318701615	2.4153024189082	-6.11422073065937	4.50469977733497	0.361638352637924	6.20701624486132	-0.102594722845465	-4.4861938216994	4.34036525165498	0.446526154191179	0.571729444090339	0.964913278754536	0.494811874485772	0.973317211818719
20	5.34353858933709	5.31162977631013	5.45747531109499	0.151105817757478	1.3127675284581	-1.88740821098403	2.65633717713126	0.210845143152024	3.34876819535768	0.10180547443965	-3.08005084399707	4.50745747936071	0.460937501999022	0.340324304085266	0.93024505577885	0.69350465544527	0.983891439939835
133	1.31888930560105	1.7764035259482	1.12873518798853	-0.327586342893653	3.16944745467993	-5.80808614294492	5.66216459305861	0.482240555992321	7.2465777583051	-0.100848747338641	-4.15813643118761	3.67690902182876	0.454687502323797	0.723752097713315	0.974364892161512	0.677620263641416	0.982950005884232
240	-3.19413012760522	-3.28899022610262	-3.08983565336889	0.632431852582338	5.26566002511326	-9.76556807351865	11.8692134071043	0.937159273730445	14.1561259339791	0.100755201930316	-3.35603594116803	4.39394370793168	0.448087434359005	0.498317715879102	0.931748203520498	0.575990695441315	0.967429156001536
272	-4.94026500918306	-4.66129064914104	-5.13315842639594	-0.562042371054696	4.74418594651894	-10.8757500620346	9.37823187298852	0.81608987496847	14.0823709854969	-0.100233593010655	-4.3727776369334	3.65926501149546	0.447656252691841	0.510882457740328	0.910544505479712	0.517380524679622	0.921715216504468
125	0.464422612307464	0.6038256667787	0.421873555691995	-0.29775789918437	2.86605369582699	-6.2207071816408	4.58789923301669	0.382053298421671	7.60707937347927	-0.0997183747400707	-5.69657150127407	3.47617984644006	0.456250002242408	0.338712571021809	0.911774162657023	0.637010500591336	0.976670549566426
179	-0.940247669713236	-0.697038402180145	-1.2725938222007	-0.402674447874201	4.40221230851405	-7.9182929338189	7.8151990852686	0.521541925194739	10.6514920984152	-0.0979669064169991	-4.06167140894014	3.97209340854874	0.44453125285644	0.675724346272607	0.966445026765026	0.560273090491336	0.971300015382758
222	-2.24397939388499	-2.01231507361435	-2.50451548401505	-0.494328460328672	4.35614292955667	-8.98689277255733	10.3015804855732	0.652523620955861	13.0661895633552	-0.0971438405534769	-4.1555900177818	4.57350751875726	0.444964874023518	0.63548075881267	0.961688892976411	0.615800901553489	0.969800846363596
83	2.55752385669899	2.50256813352522	2.65020673573832	0.19301534211391	1.82227747012627	-2.96602459813148	3.87770347814254	0.285729128558607	4.51243056447422	0.0966311924145875	-3.06812716351425	4.19526377865004	0.459375002080025	0.544739419205238	0.958813975601785	0.667835100719881	0.983263971715402
141	1.36447878838924	1.39218127783358	1.26054480750446	-0.227949721768393	2.16212434201727	-4.14026650171986	5.21226168318147	0.359886385127375	6.11916101164407	-0.0959385696720104	-3.85941566373896	4.39608211450714	0.453125002405326	0.765480962777392	0.976140066394037	0.586602874213542	0.977448069209198
184	-0.501848214105037	-0.664906472556177	-0.368444683222016	0.419791981375311	3.84575225246267	-6.76423840635764	9.11714306552866	0.604499016672305	10.9527250659717	0.0958539020611867	-3.299872384731	4.49453916924746	0.448437502650794	0.535446315314115	0.950176339950458	0.614404306765195	0.977271488361245
197	-0.433321695190105	-0.276085427455936	-0.592362705861411	-0.357031219214108	3.05159931740722	-7.85023609401833	5.15970702726973	0.473642216467051	9.11051244438556	-0.0955754099266443	-5.63142819856247	2.74873345547783	0.446875002732929	0.374883730116844	0.90583958201947	0.55769858743377	0.97274804477693
66	3.72809369997919	3.71301531940611	3.77823427493846	0.144114630994536	1.4648918367678	-2.43897952226998	2.73882034175047	0.240715273344334	3.35041224150172	0.0943813614664052	-3.517727003727	3.43623914062323	0.460156252039509	0.613808473730162	0.966457122634493	0.672823114721835	0.983215796347293
298	-5.12011990735293	-4.94605859818343	-5.28836723428743	-0.449931677954679	4.60085010633542	-12.3984828433347	8.52577817692793	0.712313048807109	14.730856255651	-0.0934786338479431	-5.66705048182896	3.20559860846463	0.451209994695133	0.474717924548291	0.89959666660578	0.506649203411798	0.937377863490368
17	4.16134741994609	4.11570993750138	4.20277893645919	0.172831547383252	1.42724011408714	-2.3450011678091	4.6849744137841	0.208551490337909	4.90699055081637	0.0933186568071435	-3.58591883576519	4.88464787067083	0.435597193021311	0.365861634279306	0.935601902690911	0.528042985588621	0.975286529442996
243	-2.94095953442673	-2.74615706961523	-3.19714383193421	-0.498539974283176	4.56914248783014	-10.6228905198874	8.91808637416811	0.818635671628468	14.3394190128558	-0.0931696013255413	-3.92420369883394	3.62616838349562	0.448437502650794	0.560521025672613	0.935638424637943	0.555441290836937	0.960390468779574
43	2.40728100968071	2.2764718702092	2.84734149221265	0.28215388827842	2.8532060377459	-5.5600672752228	6.26648895512601	0.417324167053842	7.66391273797409	0.0930799219794874	-3.4549033903169	4.60385519917389	0.460937501999022	0.641805170360545	0.969365678565986	0.69781953161259	0.984807552806568
135	0.649408826704644	0.658927097818067	0.633063626066103	-0.226560604992613	2.40167255492874	-5.44810075132411	4.41773258145066	0.357848774442689	6.05989467248305	-0.0920264698710616	-4.86699439666582	3.72057628270195	0.453125002405326	0.467263096088762	0.947454209211802	0.644591857745437	0.981860868842096
213	-1.05147010642337	-0.668700427556247	-1.41811966531933	-0.455573235318532	4.2559824217026	-8.93696466268885	9.35749891845484	0.573261305151676	13.3824285283901	-0.0896885655718269	-5.26612666310034	4.48966839962838	0.449218752609787	0.731216032908608	0.971541691234247	0.553263941833707	0.973016697735587
206	-4.69645044600535	-4.87801459813112	-4.4797170337134	0.512758105193525	5.62289893379533	-9.92658453826346	11.9411519264224	0.921029651718171	13.6648428621485	0.0892129504193727	-3.73841138045094	3.95057766516956	0.453125002405326	0.494744241043407	0.908846538310063	0.51885602581783	0.934510452233547
165	0.261928524454662	0.0771439631847519	0.571873259188997	0.374281920100735	3.68032976242748	-6.89567782715581	7.92029963004407	0.551730464858969	10.325376909761	0.0891335572905257	-3.33335506130163	4.53772627110318	0.455893835200433	0.62878063108386	0.963725742803961	0.685566450747797	0.984018981390627
244	-2.48546778104283	-2.36605183776649	-2.64663108484277	-0.397130090494097	3.91285467908712	-9.33458672923192	8.38984240158274	0.783692961552997	12.2265416158859	-0.0881337502475236	-4.25130430394073	3.73347491627514	0.450429354611043	0.578814930533759	0.935877786266118	0.587989846302147	0.96857340979889
111	1.56908675720863	1.5969904689813	1.54131710919	0.221508980954651	2.31443376425149	-3.61493958845425	4.65565713964029	0.388867016119392	5.16356602251081	0.0878601143675556	-3.0749201871602	4.07934708090492	0.453906252364544	0.436366981196746	0.945474456335938	0.641604810278639	0.981083004331901
171	-0.266463819367866	-0.306353008256727	-0.236768632109651	0.230465975811871	2.24700847618706	-5.11570205294802	4.11166579753437	0.394612745534946	6.31243817360403	0.0875128967520682	-3.94355304229417	3.77112559247179	0.457455115369143	0.729821572465444	0.974184918700623	0.676567035877162	0.979898495289858
38	3.4116562646195	3.31608601806048	3.63229048790325	0.269541890298912	3.18867119534997	-5.56974557360193	5.78704656454319	0.32580525621574	6.41017108465345	0.0857318348274015	-3.89604571554091	5.69141360512061	0.436718753271046	0.382368853493183	0.941351235724563	0.525341855322933	0.975885434904131
99	3.18483293819272	3.36721406988519	2.96959843247536	-0.178813260912881	1.99740340820302	-3.69014244542172	3.2650394067275	0.315906508776313	4.47758555248387	-0.0852869702724574	-3.8196110804981	3.24707032487763	0.462138955876027	0.652251028295259	0.969078093109268	0.729410190471318	0.984945320045602
89	2.9016397793263	2.87905320437291	3.0342336283403	-0.170648398049101	1.88360158406915	-3.37982516786451	2.82789351290784	0.311841038609162	3.79351585980525	-0.0819991162634714	-4.19599091587709	3.09575909549679	0.463281251877738	0.68986497101785	0.971089600577318	0.732195395869595	0.98461109100515
297	-4.66666164798105	-4.3927070374451	-4.97265325868208	-0.43754310341319	4.11356829375706	-9.5150680993118	8.86903837222467	0.750760331798914	12.7753037660709	-0.0812900574589867	-4.16353295773576	3.5151904396911	0.459016395537981	0.528832011695058	0.919748570907037	0.496787648847871	0.939858043318411
267	-4.38411956203754	-4.1438511708403	-4.58191776723359	-0.460535417317828	4.66322046231264	-10.1505463760892	9.14774663662891	0.807384498151242	13.936337433928	-0.0810781218712663	-4.23535037736759	3.5490942341406	0.460577675706945	0.554433136731173	0.928677049065402	0.540651247363869	0.94771627716188
34	3.05854043515882	3.05807756432713	3.06117071884963	-0.223817716829226	2.04638951490946	-6.09133611651401	4.39062983213916	0.320346936510865	7.40727600763527	-0.0799960357522717	-5.07967950790796	4.00467681709175	0.461358315791471	0.671085627310837	0.970550445599941	0.726118787698457	0.984701678985825
112	2.30509489198908	2.26419232928783	2.35585913320632	-0.146109566651451	1.60987487706113	-3.28871056212514	2.34237255799023	0.257916168256211	3.46953314996931	-0.0784433313118524	-4.57540444418811	2.94366486860496	0.460937501999022	0.454837349252543	0.94800778687668	0.652470038015005	0.980797903286732
221	-2.37754929147589	-2.07946229920085	-2.65897548502243	-0.475914868207171	5.81498952498484	-13.5266205308298	9.95401440576913	0.759103310027694	15.4203896610988	-0.0783565782566772	-4.86393451215213	3.51240374468413	0.460937501999022	0.488252301473011	0.926146378454622	0.651563131450091	0.975555991261976
250	-2.16593193888972	-2.15661924216991	-2.16933917148806	0.402153468177534	4.34567313970403	-8.03469464732811	10.6224332476219	0.805165539933873	12.7195703243807	0.0758220142264908	-3.64593166708624	4.55926116071361	0.460577675706945	0.576631467873689	0.941077261249896	0.66101515533614	0.973452223005561
56	3.26947373114391	3.27402738162739	3.26011728291136	-0.140461935416235	1.65709883840284	-2.84628691403898	3.41386628223154	0.247990641288156	3.94690256938528	-0.0756601937538135	-3.79363931459188	4.0556754579102	0.465625001756706	0.901681919501225	0.984815661977356	0.755088079128907	0.985569507186036
220	-4.36437785474706	-4.21622947611308	-4.50009723018222	-0.411213080445755	4.973370238253	-11.2826007296763	9.50760686906076	0.802850028700679	14.3269970669635	-0.0741541303784152	-4.38413936332296	4.06265109096655	0.456674475284771	0.553044197079712	0.929903107614209	0.563529099506612	0.947205136826302
2	6.94302836166469	6.9057160260635	6.98294579081941	0.121514692992544	1.63321523020166	-2.7036568152442	3.3439494116786	0.273244612723753	3.9477936233354	0.0740919333654483	-3.06811879625334	4.33791109773263	0.461718751958565	0.671989177969702	0.972233706847878	0.705158185177425	0.984073304018359
164	-0.296041989844242	-0.332915867806878	-0.259167590693625	0.293235888511874	3.73745631491839	-7.46108050519665	9.01179564743645	0.581117439925499	11.9075016066351	0.0735670244757162	-3.69772146349019	4.11601937830673	0.458235755453546	0.58208347664144	0.960053084166907	0.652924339213037	0.981179480533491
153	0.345899612313314	0.496589948185422	0.254692491489953	-0.244603474376078	3.24853125944452	-6.73716688394086	6.07428633698519	0.489735505930199	8.23600071959655	-0.0732426061949038	-4.47466240336107	4.01311659534098	0.466042156299225	0.695639841154135	0.970693208800168	0.703000443984652	0.983297093846026
176	-0.138913104183047	-0.0582945379413644	-0.270504426192155	-0.208774686122761	2.84340828051239	-5.93046440195801	4.74746404562917	0.438965070992548	7.46809400227747	-0.0720286752573745	-4.3541967402588	3.39718868858801	0.464843751797023	0.656587083273743	0.967694958391581	0.69104295906011	0.980726599866028
115	1.7729601144124	1.97048180958529	1.63087771706508	-0.181619414214531	2.45020539273879	-4.66815861060165	4.57701540527975	0.367890007916043	5.61805992324361	-0.0710848372155609	-4.18401774616792	3.45959010212998	0.460577675706945	0.686578117950935	0.971545785355366	0.648902461745876	0.979546664304301
18	5.16090058443059	5.11167716652873	5.23855213569351	0.103958153763562	1.47556899033625	-3.30213296412508	2.87019474224687	0.231459767601062	3.66067225206096	0.0697791561157374	-3.60139444433873	4.29347478199951	0.462500001918138	0.794305200821873	0.979027323498516	0.678254937600807	0.983524338689017
226	-2.74646319436305	-3.01149232241522	-2.58151941102661	0.342796120445179	4.37936214273572	-8.77608644247007	9.99418058291077	0.757702447316871	13.1222327483422	0.0694519960879281	-3.81885664288686	4.2765917791755	0.467968751635907	0.581424165657869	0.948192691349548	0.647606962128041	0.975264207360967
169	-4.29689859853577	-4.53616351107892	-3.99300582010487	0.489666729449935	5.64887038525514	-10.7287635260238	10.8993936161106	1.01812196803371	14.8904731342639	0.0690012352506607	-3.35422680508985	4.3231059714707	0.464062501837367	0.585551893924343	0.948144832169372	0.559357628034744	0.952488625467693
271	-4.56182790398275	-4.72849959660024	-4.39153963496245	0.333680324847018	4.62253565835208	-9.6031676638421	10.2149772399693	0.901730325701304	13.6218368149691	0.0689369587718181	-3.46153688120404	3.8627834685767	0.463700236045225	0.580960505757228	0.937319304559108	0.553024451301976	0.953276852032923
284	-4.3382713563028	-4.14271268785489	-4.55504161189788	-0.371952845232606	4.65151568261436	-10.1704962605744	9.15256370301423	0.811216921769391	14.1145591737607	-0.0685052535636809	-4.19544318398289	3.6376197933103	0.463700236045225	0.548710358429734	0.935684219787435	0.565921161460589	0.962616263345747
91	1.76893938212662	1.81121447611866	1.69617032791582	-0.154568366981708	2.07167255236023	-5.02009023693649	4.23015888506509	0.352678713537587	5.65863747789943	-0.0679802426570663	-4.38455061578099	3.78715516833727	0.470312501515326	0.791505736508857	0.97931835544182	0.695204808234458	0.983379631423696
145	-0.853748375527493	-0.577014490049231	-1.163261350362	-0.298161848475961	4.58806441744939	-8.89795875567458	9.92516124314649	0.650369583063303	12.6891132069409	-0.0671589194793153	-4.20961697817078	4.04937168597396	0.452771274863423	0.703811379437498	0.967147037080659	0.680932383209181	0.97994686319345
239	-3.2500071202027	-3.70786997862121	-2.83771162032469	0.416442214952061	5.11479629982213	-10.3620869067526	10.5555036874645	0.796121346406061	15.5028822897038	0.0671490734961803	-3.73032763558667	4.33818839599068	0.465261516214532	0.623909033980575	0.956233677728624	0.641525694111712	0.969606558386639
217	-2.81727110636634	-2.59024970132648	-3.00291333316046	-0.376639859848869	4.70865200930504	-10.2810483325939	9.46743982196444	0.784636007129363	13.0892285211566	-0.0668070801211736	-4.17980970118257	3.52106556156324	0.460156252039509	0.612542155921834	0.949408427964037	0.665046287446025	0.975501186792519
177	0.0429237975351304	-0.0269542509082932	0.124320388860246	0.241891215468816	3.5622759593771	-7.26173818592878	7.15278790004657	0.51473203557542	10.8753273376068	0.0658484091374631	-4.7791275362237	4.69867463040669	0.461358315791471	0.742720899597278	0.976854350906461	0.716476439003772	0.983892524204671
194	-0.348278832927189	-0.415188340958202	-0.260436552512197	0.185675818360406	2.56641777005183	-7.06120846932526	5.24120256797992	0.40289958604842	8.70286332465023	0.0638189519574704	-5.44996718684589	4.01771727211287	0.465625001756706	0.770889276685658	0.977178182323021	0.682758682993545	0.978175596337921
82	1.71970951830974	1.72122542729761	1.71391385305301	-0.207647226320229	3.16789876443033	-7.71577049043808	5.15573173467961	0.291242570922593	8.41362896785698	-0.0625771893633755	-8.96896385204127	4.1728367718668	0.451209994695133	0.270779236345395	0.90601853587351	0.679032881394503	0.983072638544233
230	-1.53529189736531	-1.35262995305091	-1.80871690546206	-0.389021416422774	5.60437926717858	-12.9177947068165	10.0136861862838	0.700228278720648	15.7671650659097	-0.0617884735167785	-4.89875675808904	3.62812905848852	0.463700236045225	0.449691477729468	0.925989608469017	0.661571041408542	0.978748868471501
149	0.609196172689007	0.529012982476914	0.890492429592713	0.235597379983096	3.08620929689632	-5.68448288173668	5.68851358779164	0.443603007681248	8.50373594233544	0.0614100122369957	-3.80254641210046	4.52274370255958	0.467603436468688	0.750878054347087	0.974699906058899	0.77161185758767	0.985836850977363
44	4.16069770420646	4.34630375806917	3.95184524369958	-0.11819408833411	1.89196818193918	-2.94294682730927	3.66937826840791	0.282972165162325	4.15209550503078	-0.0600988346772355	-3.52059310785308	3.65332907022089	0.470312501515326	0.915993556620083	0.987714433556042	0.827169616156171	0.988169575972364
33	3.9554966371155	3.90621434031931	4.02264085639312	-0.104999943837854	1.70462862920281	-2.93796951457	3.18429063050747	0.288582361052776	3.9775566130502	-0.0590382407480248	-3.45269127651429	3.5352098305881	0.476190477402349	0.89560597577856	0.985675413586571	0.839446523128384	0.989039274830679
260	-4.40455904504711	-4.16847763960466	-4.65567078004516	-0.31659966282193	5.10499451628215	-10.6794843424528	12.4037243008109	0.921215663630917	15.822768664111	-0.057948421755275	-3.60351675889388	4.11957095308152	0.471506636892761	0.605587077827871	0.954929842365733	0.559462962605343	0.956457906718571
154	0.455744644484172	0.569848618483535	0.359385029692583	-0.167316802253245	2.1959346659124	-3.75040172878274	6.73075932214162	0.383667176884754	8.48824330432968	-0.0571690208329385	-3.52647842334413	5.73058869010327	0.466042156299225	0.621136286926298	0.966265556998333	0.719239463262827	0.981753331312194
277	-4.23077351897151	-4.27282614650655	-4.16098965589111	0.306055418563458	4.78305727953582	-9.51322097674541	11.0203144914585	0.755046300493255	14.5130084925418	0.0568300907333564	-4.11284169783387	4.24149702382028	0.470725996807902	0.575083395781132	0.933661672646924	0.562560167865391	0.95696182562453
148	1.23802098091205	1.39889355450989	1.08529904718917	-0.159874443619779	2.36029010619172	-4.36791139912006	4.01751455161129	0.415010528751234	5.76424004302663	-0.0566817795525871	-3.98874403673009	3.29800646479785	0.472287276977643	0.735983856941204	0.974891082705814	0.763576622942253	0.985820636010031
175	-1.07049373316568	-1.02917853187044	-1.13915506167968	0.295894862490133	4.47273871525898	-9.16284863066248	8.71257775168836	0.614618343235427	12.9895859877479	0.056297224500302	-3.85286436660674	4.47688596116841	0.466406251716414	0.69541522563625	0.965837240122871	0.762400056552753	0.98486926635523
106	-1.19916027886167	-1.20960911279706	-1.17586650836333	0.285103830157916	4.5432004395767	-8.74088660782485	9.7609745239855	0.765429683313433	13.1210844415229	0.0561031061269854	-3.54970391910824	3.95724826433038	0.470725996807902	0.70331166858452	0.969341810841327	0.769179012511165	0.985601191903966
266	-3.3541601008382	-3.47522900054531	-3.24994969062085	0.273822028366869	3.94450414422577	-7.91779410787048	9.13815032107048	0.713253546518274	13.4594121770557	0.0547390450304546	-4.03093374420085	4.16947396867992	0.473437501354862	0.522623514840037	0.936424780797658	0.619493828831914	0.967487282564719
102	1.99751190299215	2.12259854815472	1.87444913584999	-0.146318801162157	2.54809090028351	-5.00383608322454	4.48898315509209	0.440441359542064	5.76862016609791	-0.0547268051692058	-3.60901307699925	3.10276216977382	0.479687501034855	0.793285506048174	0.978682595216983	0.835914703376474	0.989000552158505
228	-1.5491632335799	-1.48485111145731	-1.61831487253082	-0.215183917299569	3.5097088316926	-7.51439912358414	7.27894469938525	0.624277830838085	10.8034362442168	-0.0545065647736909	-3.89842255521123	3.91942908941652	0.46875000159569	0.68154318862084	0.964049934000799	0.710566258502069	0.980306786337376
160	-0.289662012011844	-0.184834799786634	-0.394946579854742	-0.150216494991184	2.64662557491088	-4.84026210105669	5.69466122222488	0.349735033914012	7.59614209080775	-0.0540408830423271	-4.45176845254617	5.27027941919078	0.464843751797023	0.745769192362001	0.973787188123274	0.712591786139916	0.980310526418046
270	-4.03763379489889	-4.13262468341047	-3.96905082906375	0.299784107285497	4.92513657215668	-9.96379119947472	10.6750657264735	0.928755381506606	13.9759187605899	0.0533813780038728	-3.60097160924132	4.52275261498167	0.477343751154727	0.604954586081271	0.941930757927103	0.647392130697026	0.967811560162939
25	4.7416462904476	4.74271387453846	4.74071260559908	0.0756686874330641	1.37037935298534	-2.15936197882992	2.98207921805401	0.209796680104975	3.32742427901766	0.0525782857796998	-3.21145554945105	4.47825266210985	0.480874317912578	0.554656788058175	0.95984854568468	0.838228742555901	0.988164285052216
238	-1.08915936810501	-1.04028264771931	-1.15212199041005	-0.155891595470903	2.641434109211	-5.20436690172141	8.77827660564277	0.46304449438969	10.1094479294189	-0.0499679560532468	-3.59569835099214	5.13877449971206	0.47540983731737	0.708747732931981	0.969741612975756	0.693489891247892	0.98258000276763
4	5.53300364798175	5.74516700721606	5.52020279100781	0.169310858293937	3.21963221448845	-5.77937457151127	6.00964594473006	0.476047947497138	6.78989852344744	0.0498237194423879	-3.28149696714895	3.82193953007343	0.473437501354862	0.774684234266634	0.977704318331044	0.750188074739622	0.986029874816172
211	-3.51437388097678	-3.78684939832476	-3.21385394323287	0.29930953537131	5.72184066655977	-12.3504024262282	11.2185784243147	0.907299382687336	15.953202041806	0.04873136435849	-3.84478119609931	4.02008481585926	0.476971117487346	0.636709671662011	0.959495654280078	0.614447538163919	0.969210208971665
3	6.6344042650572	6.60850970428317	6.66410781840103	-0.0798984024305449	1.4048275580982	-2.59811286050106	2.97138387114961	0.194086723602357	3.53204848164587	-0.0473547246345345	-4.03750775567192	3.66475780838117	0.478906251074796	0.761506518963101	0.976390429829433	0.760839122436965	0.986026106926586
255	-3.15877243376219	-3.22759762178202	-3.09473002691958	0.229040376215221	4.44341504728522	-9.66784494249578	10.6781544747702	0.783569932174332	14.0241402470605	0.0460338338526473	-4.00155029665258	4.88384760226435	0.478906251074796	0.536231270163828	0.933768622065263	0.595495298269705	0.965628835929625
163	0.183698484073801	0.121299340310344	0.226629650464663	0.174790616223351	3.95532678356066	-8.25801493673658	7.97969819257736	0.495176255282821	11.6373339384674	0.0453410485694449	-4.56186031352464	4.49284149733271	0.474629197232409	0.789002173533572	0.978755674985559	0.780921905093501	0.986684649581135
90	1.49490577179946	1.62906849447839	1.35528764489125	-0.154838771523672	3.29981476338995	-6.34251915757458	5.79627610842452	0.479128246514753	7.1715091392429	-0.0446082614251293	-4.04117309680419	4.52323876761903	0.47540983731737	0.877258160860039	0.984670099433082	0.766964367699484	0.986255910918878
248	-2.84602990952127	-2.68132036475583	-3.00298567785885	-0.222045302914535	4.54790911121991	-9.34651217325664	10.7215381887495	0.655712845976475	14.0128249858481	-0.0423168549012344	-3.66185841446867	4.48792522007232	0.472656251394946	0.651897430551917	0.963234819508265	0.73624804794443	0.9841501333829
215	-2.59034076465301	-3.0286497961524	-2.28849640406917	0.248588669674515	4.81344724717607	-9.66754842992894	10.2458952325277	0.79878727144355	14.2832047428805	0.0421182215918702	-4.10913063060115	3.97163990667503	0.477343751154727	0.661384423615482	0.961315262820191	0.687660431485167	0.97684641228522
178	-0.435809539778211	-0.33647241662904	-0.61749575315326	-0.141226984663908	2.84920784611904	-6.91314502890413	6.98247984860402	0.403520525684187	10.6583720503345	-0.040971789814283	-4.57731542900669	4.76666827759873	0.474218751314798	0.70596717233269	0.970212601453217	0.712863537229416	0.981585095141772
279	-4.85363137338402	-4.77986289215689	-4.94139099291762	-0.229760489523529	4.56790887623407	-10.3049070386069	8.92582154661975	0.695541761633641	13.1712306704173	-0.0407501691295016	-4.09295401324177	3.675881754794	0.484777518338167	0.46253285931931	0.899786681564621	0.500914499871032	0.930292894053632
216	-0.922550242108139	-0.744615047591524	-1.04818355839605	-0.151427244221212	3.4974588544054	-7.73721882346059	6.37921489971569	0.587304701870259	10.3669110459582	-0.0381583638921446	-4.06005029426783	3.4705317440738	0.48203125091512	0.672415308991265	0.967305236234392	0.738450160184568	0.984650873353512
276	-5.00837199353519	-5.0480497501892	-4.94271271612893	0.236582654729064	4.75672181082279	-9.97833904888135	10.3691738406792	0.717050214864087	13.9047212898678	0.0379952506315972	-3.87951249073823	3.62908610578891	0.480874317912578	0.538015897481154	0.932842326460869	0.537207704398227	0.945507083916164
180	-1.29642942788476	-1.46909430419454	-1.16482715078016	0.183566791213144	4.78876034572626	-8.64287247228937	10.2093794760435	0.628815478941878	13.7401560734649	0.0376099375046009	-3.91655397562288	5.42567055565287	0.478125001114754	0.608161872087396	0.958702337552444	0.746265474653788	0.98515868792549
144	1.17393541053527	1.11015789195762	1.24152621183468	0.0790110989373565	2.03237242833935	-3.60486191587553	3.62436267558033	0.366607507807784	4.34729646641825	0.0368290986251176	-3.05480521439365	3.54371020828396	0.485156250755658	0.808161481860136	0.978947172612695	0.794715801978967	0.986850569811077
233	-1.80185022738349	-1.83345814735541	-1.77724596103624	0.180850181308373	3.87629202237718	-7.68172960546388	9.55002678877272	0.56807933246389	12.803200565499	0.0364318563433898	-3.47674490304001	5.81410137556316	0.47775175757236	0.582799763444064	0.953884873748821	0.69891449681872	0.974170679512095
7	5.29604258826875	5.35122571048822	5.20753235785436	-0.0954681088918843	2.96623236918772	-5.41405522160889	4.85045962581342	0.342884119798439	5.97162774817815	-0.0361551843850528	-3.98447905162701	4.4135551240662	0.478906251074796	0.880598143721737	0.984226479094304	0.920208021366804	0.992850981797252
94	2.06002642431348	2.19431649695281	2.00461238642588	0.0921545449697345	2.1465561955708	-3.37495466250308	3.86654260797714	0.304563196164937	4.28318364163653	0.0356321330231211	-3.82268446139071	3.86368299104942	0.485156250755658	0.856437809072548	0.98298511226541	0.857166631007508	0.989951672867659
46	2.80774510517009	2.81194016660304	2.8030775330335	0.111417430312048	3.57327057315037	-5.66329824854011	6.6216915641681	0.385267445260447	8.50899998683157	0.0354725598314821	-4.99240116099045	5.36489995557887	0.476971117487346	0.878615958907136	0.985575335718327	0.833766838630939	0.988316255485321
263	-3.87808367772106	-3.8059650995197	-3.95821953966597	0.159115047751384	4.36919231929948	-9.27976877256967	9.15885683407763	0.812401999880365	12.9494024285003	0.0348707565714645	-3.71788931959714	4.07384979570879	0.484375000795505	0.590647020930196	0.950841100003325	0.648563517414475	0.972890701569663
291	-4.76954558143441	-4.85092821381649	-4.70368763729707	0.168939179479961	4.32044502370539	-9.54683570877736	9.64418139055796	0.721446747648301	13.4675134596421	0.0341665008542254	-3.76319286754991	4.55181016109529	0.483996878253024	0.505054302376146	0.91252055605559	0.55706291722389	0.941308828358027
48	3.54748332496494	3.58932125587589	3.4937023431921	-0.0774746845428274	1.72444387668979	-3.52873469902842	3.40073601382605	0.232787727957572	4.10493874131686	-0.0330754373038637	-4.92897266078159	4.05648013187741	0.483216238167893	0.723819852026437	0.974323027923645	0.8534925749645	0.989550407514685
134	0.231870829141811	0.180982739720671	0.334553144012386	0.0786860158032558	2.1924257299167	-5.96195384558999	4.04998561873624	0.371660036614403	6.80281562322519	0.0325569463255425	-4.89576473902423	3.1572588281236	0.48165495799767	0.690111623408219	0.970161701980913	0.785671904063792	0.986463157083021
200	-3.36340301745967	-3.14400250930279	-3.593010534486	-0.167515639095762	4.51894366812447	-9.37738641539124	10.0780392515599	0.766784469657794	12.9778664250076	-0.03248219665202	-4.40066074872581	3.6740793130039	0.487900078678846	0.619039099231922	0.958194004705378	0.659873489674945	0.976263912694682
202	0.183422205199499	0.17177385407043	0.19788941964164	-0.0971956941142276	2.49139149222372	-4.5733601741711	6.07417908248132	0.376637644524059	6.71204487906891	-0.0300980192006882	-4.63897938224887	5.1146857937059	0.480874317912578	0.822023485532353	0.980182989728831	0.78612149589122	0.986809991671505
189	-1.09917161859835	-1.08731344753077	-1.12083503926672	0.141821872494985	3.67982227020319	-7.62426131107789	7.96959359315392	0.54839723773665	11.4788735770013	0.0286676175160659	-3.85015560572255	4.72230264972794	0.480874317912578	0.640842326333736	0.960903423399975	0.729838912543541	0.98238366943439
212	-1.15696514356355	-1.2284642757009	-1.07068286320241	0.114044406270063	3.57600801627891	-6.87399611683866	7.27879286246516	0.625426257013304	9.91756766851887	0.0273377669459496	-3.67639764392687	4.08339161017343	0.489461358849242	0.683855972111101	0.970494295908158	0.776302016343979	0.986931279945106
57	3.41444377771766	3.47280634666109	3.32918692742286	-0.0504142522808531	1.65234315653713	-3.57137416285499	2.99128032808145	0.234736042485758	4.15115094834503	-0.0262023566210781	-3.99329661494468	3.53583228145168	0.486338798508486	0.877473874992633	0.984238348879561	0.842690845632596	0.988956096838382
14	4.94339809297585	4.80230674950951	5.13588921274228	-0.0517270688725144	1.86200037001048	-3.71462519014144	2.95774577407195	0.289941248170904	4.11008120354968	-0.0258728766476085	-3.70259199411865	3.12969508994949	0.489461358849242	0.740654561644258	0.974757328812405	0.842009556392007	0.988810392063998
288	-4.16456325335515	-4.15596189920194	-4.17452044451223	0.129474993204997	4.00005655112379	-9.4564541492234	8.6990784033309	0.657980548879744	13.2838298982388	0.0247446122453986	-4.16949278573276	4.10607544029945	0.484777518338167	0.572953407071187	0.941693953383275	0.597789723611591	0.970602166021433
138	1.07787854678436	0.980446569214521	1.16881840931923	0.0826182201698495	2.79600736532885	-5.71878591311899	4.33889221234706	0.433422256395374	7.25797631424803	0.0244353258244824	-4.23053782517311	3.80158468370966	0.485937500715822	0.845809732873273	0.982477147586443	0.799337176240144	0.987723060916418
210	-0.314169935153116	-0.342896056027102	-0.250170288451126	-0.0709612459721258	2.71138905486547	-6.57555491636168	5.78330816260288	0.452454181949967	7.77070306599004	-0.0235861263814147	-4.7071700863172	3.46784676094044	0.486338798508486	0.710976694282934	0.97065266348003	0.746471914484418	0.983686343573884
118	1.22511438338209	1.31514634744379	1.10245000721856	0.0677464437121031	3.06819162883712	-4.97785228913079	5.53672223021742	0.529270316085206	6.61007676049609	0.0223762434659267	-3.63746988553942	3.82031037869955	0.491022639019669	0.811326559693713	0.980425199652316	0.86301697519778	0.990449752161804
80	2.76139005270257	2.75633094965441	2.7798643831103	0.0560317893873892	2.54750540063342	-3.80103948682199	4.90405303916244	0.487009756794963	5.28559675985935	0.0221175656885479	-2.86035924192293	3.37271858135838	0.489843750516787	0.689418954737069	0.971346287830863	0.84426787302246	0.99009512139438
170	0.434451972586415	0.495183168556864	0.387560782425808	-0.0567094076781034	2.18865798131031	-4.50547191575965	4.37423989734135	0.370170335867272	5.64290276594625	-0.0220833783122023	-4.49676290606983	4.35054997061504	0.486718750675996	0.792897904105767	0.979457295593489	0.756513117238161	0.985414695870527
286	-3.91151255505968	-3.84054365389286	-3.98834940728701	-0.141879303872958	4.98009361481638	-9.61089404172789	11.7714092544294	0.870044633192504	14.6937247417569	-0.0216463873644757	-3.81629401163017	4.0891680846133	0.488281250596374	0.615924024581819	0.951653491944468	0.641397448403346	0.972254560701801
62	2.43289810066548	2.41465872930293	2.4416052632202	0.0578346507312562	2.46770707601801	-4.77085460926834	4.9285048860386	0.472658159510905	6.20818583670734	0.0203250297835664	-3.33805484156428	3.51322553892104	0.487900078678846	0.902945961062559	0.987757408395112	0.882568508019341	0.99165497540066
110	1.31403310900967	1.54106687173498	1.10049388765151	-0.0419230033325322	2.08209330684664	-3.43881193273989	3.88692221901282	0.386046601687707	4.4343003875867	-0.0199296637508302	-3.28804916599521	3.80787571155183	0.492968750357699	0.808694807361234	0.980471314789284	0.839389932335068	0.989907354318667
290	-4.7629546816784	-4.77806634269735	-4.72720468524135	-0.0886613842915684	4.20907500529031	-9.53356480318961	9.52415069098181	0.798535676860566	13.5424637155341	-0.0190482224530705	-3.8359958497425	3.8624008807722	0.488680718764039	0.497635097733717	0.916798235051414	0.5314665697935	0.938333681634287
204	-2.76895880272371	-2.60122824068466	-2.91578332935806	-0.145674554638931	5.02903917672876	-10.7098260031029	10.0158175140878	0.934957349523875	13.7086543858021	-0.0188294149258435	-3.38589575345787	3.76742375662063	0.492187500397461	0.626581070238768	0.958661782638832	0.711311076435671	0.982869836475629
75	2.71310072235699	2.73065643770103	2.70450367864571	-0.0487395155030788	2.54924948951846	-5.12753555644502	4.96685704150492	0.32438568180465	5.64163107905442	-0.0185976567987094	-4.49995142586762	4.11868585989935	0.488281250596374	0.897067175868857	0.985577122421287	0.842189060507762	0.988436779560005
121	1.11515148407273	1.12790517716869	1.10049228324055	0.0519675610963057	2.56937010702511	-4.41199725566509	5.04651200901753	0.311964250701478	5.57377801529403	0.0183754861714964	-4.25553308808694	4.21877518959579	0.490625000477005	0.857707484506817	0.983528418089754	0.789720682228511	0.985815355924693
39	4.6511453108374	4.58695277635158	4.80370122695125	0.0378231875481245	1.79144969113977	-4.01946792894382	2.97652251421704	0.272699716940169	4.9837130434194	0.018062149400088	-4.68145727560438	3.50947599039472	0.492968750357699	0.707974887337182	0.97269372306069	0.922381038994985	0.993357789641766
253	-4.51968826288175	-4.38128444867121	-4.64644098682133	-0.0788079749957715	4.69073418727083	-10.5414086198133	9.58201337335993	0.804582639996863	14.1871655372396	-0.0168045979582236	-4.08517529712183	3.44707443259889	0.494531250278188	0.547327105931024	0.93298857311877	0.588149703080015	0.958917226919536
262	-2.88878080019162	-2.96284684772563	-2.80676002050681	0.0925550650222648	4.14818815857457	-8.34149928221445	9.83316473403475	0.646021981221661	13.1607646735578	0.0167350637144334	-3.7277281370698	4.54120071599241	0.489843750516787	0.546262488074167	0.940915896008565	0.655781449072908	0.976050520240103
150	-0.155498485572435	-0.119727345000026	-0.172008291738277	0.0650443668008656	3.552818306159	-7.96797721306287	9.13755722674746	0.404929935272462	12.7651775186971	0.016678798050523	-4.98167073587289	5.22796538063092	0.489843750516787	0.590413986921124	0.951818206491305	0.798756859010175	0.987904782132021
227	-2.83783803142504	-2.89014957064069	-2.77340830339393	0.0811873529144798	4.47961990133352	-9.51059598548187	9.74709460797368	0.733885945972441	13.2466921860615	0.0155724750402595	-3.57918036205828	4.60860910253254	0.49140625043723	0.588990722089023	0.943784024269019	0.675183785461887	0.975752936895311
140	-0.490618863321268	-0.328718950836132	-0.568422813121203	-0.0715585007204833	4.00902001808376	-8.34776967843649	9.41632649336283	0.533987638664349	13.1589128738805	-0.0137277925361004	-4.41197397618074	4.66704627605516	0.492968750357699	0.719135025526761	0.972848048981674	0.81088002667732	0.986055365720972
166	-0.377302303091916	-0.468221398534537	-0.327260651406397	0.0645647693433808	3.3338423925345	-8.71046463314612	6.32441045100884	0.535544249197883	11.2290326397378	0.0133599797936563	-5.56435519668206	4.24088328534096	0.490241998934451	0.698063710658074	0.96946911122183	0.729430778372764	0.982727053316092
11	4.57612818598771	4.66437862323658	4.4995328453526	-0.0361910802083552	2.29331910733112	-4.86829550025264	5.99121599648538	0.291228341770127	7.17093458474013	-0.0131526580814513	-4.56487391415056	5.14381268959212	0.487900078678846	0.768039706539427	0.97702300844288	0.905217253050821	0.992397580250402
147	-0.812482073543388	-0.680534406618528	-0.880666157305862	-0.0643628661637319	3.75906062583967	-7.07029293833198	8.98276151122363	0.541925791271407	11.8695971862485	-0.0129642790502506	-4.99154219586259	5.46831735808257	0.488281250596374	0.685544749897595	0.969737297159432	0.784203628612838	0.986464781648996
117	1.72059533895832	1.63551555796644	2.09517268199923	0.0315180886037565	2.17321067468792	-4.80158638860597	3.30839336699762	0.282632114876787	5.1262004257241	0.0126651154462526	-4.19837661898639	3.52482321433203	0.492583919190123	0.7370810809309	0.974350748426148	0.837339603527843	0.988888672321898
88	1.66214427357773	1.65092426326386	1.68331575197857	-0.0294134800524795	2.55767323872242	-5.14639247449942	4.87124782645569	0.368170142355313	6.37532436104553	-0.0114198896868204	-3.60388610438822	4.09062060872732	0.493750000317941	0.852779559355428	0.981529982228252	0.836459472226606	0.989532984992812
55	2.27412795234146	2.17698011606268	2.46168552706706	0.0547718475259797	3.06712877455134	-6.79464922122934	6.54438088398326	0.370859724423018	7.54986088567384	0.0113708865032425	-5.31252206269383	5.780184385683	0.492583919190123	0.921394007980301	0.987521672890293	0.866180169333734	0.990258328063689
242	-2.0238368429655	-2.13901689402934	-1.92611639896139	0.0788968744645615	4.55725278089061	-9.38782686547936	8.658281381704	0.692787604082355	12.6667791850214	0.0110872981690809	-4.17440741858969	3.77615506408091	0.495312500238439	0.668930080200641	0.965852460507051	0.72750536235583	0.985844048800416
32	4.32832434763171	3.99996226027301	4.36433040107299	-0.0275246965496883	2.07625490786284	-3.55052729560568	3.48610202371178	0.317628516917441	4.37495834884705	-0.0110767741119834	-3.41951161739751	3.45146437016226	0.495312500238439	0.91031518951585	0.987092359838678	0.927384691535681	0.993092107730663
127	0.485582909466064	0.476353704527281	0.492553526149323	-0.0428072821521308	2.97032305124168	-5.05506777716564	5.63235630883549	0.389035209440428	6.52888813570381	-0.0109382925532705	-4.28335820890955	4.63994154972424	0.492583919190123	0.843326654223869	0.981773301065413	0.75967308430564	0.985580294243195
198	-2.14645513096245	-2.09029589604161	-2.22281577488552	-0.0534500228750465	4.37158393068751	-9.53634991504491	9.3611397473377	0.629234095759353	13.5903582808841	-0.0107754739688425	-4.61808727432641	4.35448986588847	0.494531250278188	0.627135688954658	0.960679586509553	0.722435093541312	0.981083903836518
280	-4.76698526648436	-4.69890312460343	-4.82404121641	-0.052112089567987	4.61279556889731	-11.6606647149704	9.38588848438133	0.892462203047852	14.5297659756586	-0.0105951014217965	-4.41507157978065	3.52343473846482	0.496487119616343	0.537305149774206	0.924326039109569	0.54878024304988	0.946962040627656
151	1.84639826527583	1.92930328799343	1.75561799130395	-0.0104024075343272	1.30837932609619	-2.21938546257328	2.96922976949519	0.251380226719822	3.51717116889601	-0.0100439428269121	-3.42277078147064	3.95500481931531	0.496093750198694	0.723282918163089	0.972984951589802	0.801520372393353	0.987695198634476
183	-0.846984320677738	-0.908269327152516	-0.736461571696214	-0.0540241455067418	4.40046710229086	-9.9122982871591	8.66251142575527	0.710605308179022	13.4455767431191	-0.00941839102219303	-4.86177265597808	3.77558779753158	0.493750000317941	0.668510472198697	0.966763608099226	0.803878314244187	0.987134477839538
258	-4.40821845427109	-4.39546809383316	-4.42612260568993	0.0411602363256582	5.05484451470448	-10.5304131881421	11.7428603355824	0.798662759621832	15.0141181776356	0.00901937673862514	-3.86687459961353	4.50063426173214	0.495312500238439	0.596262238500135	0.947743100263421	0.595824972239134	0.963759939942602
65	3.24890180201523	3.10976299887993	3.4182977027411	-0.0184492467511936	1.9056304826042	-3.24423005593075	2.81804047033665	0.269558008126146	3.46710300835667	-0.00896225745242261	-3.90287653727121	3.30085918273174	0.492583919190123	0.878385582138893	0.984718241583192	0.87369626755788	0.990324266540007
156	-2.77599558905382	-2.64221606336503	-2.87574599650727	0.0439429747424525	5.32386254843058	-13.6919597472334	10.6435391854955	0.816820052962533	16.6435728940894	0.00816828219952818	-4.70166306648496	3.70461440225336	0.494925839445843	0.692001148434206	0.965551383770558	0.74161711354365	0.982268990084812
225	-4.7143273687073	-4.61208126532315	-4.8153696515003	-0.0437988255190929	5.20005350500316	-10.1860482212335	10.4252956473189	0.93615397350373	14.532504417963	-0.00789578318610528	-3.65017405329333	4.01666882686366	0.496093750198694	0.554248801091833	0.933583560101373	0.560286471335168	0.953485729987142
96	1.55186841613586	1.504316276192	1.58040142919392	-0.0148310475193743	2.28227791351509	-4.65792863633519	4.01073111579567	0.311471278876825	5.31733589366492	-0.00535744687346723	-5.18894056083109	3.59029997509671	0.497267759701598	0.619541840963779	0.965845818976132	0.844987166483651	0.987962445428874
191	-1.11451789404706	-1.21396771381926	-0.990997969103379	-0.016628025250828	3.60702035543336	-8.04769918251406	7.56287428400146	0.636027145820568	11.1361442925803	-0.00531050073751611	-4.12591905307034	4.15525128256442	0.496875000158952	0.706234614924491	0.970172215050423	0.801707793139698	0.988378328119635
274	-4.45621260898281	-4.52772301222419	-4.38405675549189	0.0267617816108201	5.02212147387964	-12.8650275253203	9.90134059508621	0.860554391672258	15.4402320466254	0.00388845890293765	-4.7193755592338	3.69588498619111	0.497267759701598	0.591703777890779	0.941862620828501	0.593279932622975	0.96330342103444
45	2.37054376271219	2.37842397867283	2.36294635368626	-0.00913186860602444	2.81809754095266	-6.08141430113634	4.60618315032588	0.296087964132363	6.88014081016591	-0.00361860232799657	-4.64733545678557	5.4440915277045	0.497656250119212	0.864148288352314	0.981701977996707	0.862690383035641	0.989957562843785
137	-0.498196456539433	-0.581307617963565	-0.429743214359896	0.0106223056660468	2.80189626903822	-6.24795289954762	7.23630349063704	0.437310733381009	8.83935499096245	0.0035984516296046	-4.7419907730044	3.79770050685266	0.496875000158952	0.755297792422009	0.974929451895529	0.720320090748926	0.983938746510413
172	-1.50144227961802	-1.45773544878228	-1.52024254884015	-0.0126073127793074	5.05985852797323	-10.0919423879317	10.1603655278794	0.803193430777612	14.5784241579815	-0.00201607651291927	-3.80436828296487	4.27369343814592	0.498829039872112	0.715224817976769	0.970787819811651	0.79972340203326	0.987624737614664
35	4.15716909125468	4.27753761035435	4.04863328242907	0.00318477730903455	1.48946891971089	-3.00645395723489	2.92224482863983	0.221156882546495	3.93884993471339	0.00195872971112521	-4.11477701664688	3.58452714241893	0.498437500079473	0.90114446352439	0.987816801885643	0.905379975573118	0.991181175338133
143	0.608883838123438	0.699781774656434	0.526507200356011	-0.00532748043172759	2.81392772874091	-4.23389557019404	6.87382925334531	0.413082735056622	7.61982370136683	-0.000957833842694304	-3.27575705517743	5.25824809169276	0.499218750039737	0.641291787076873	0.965917132050337	0.830572624787287	0.98917004576117
168	-0.876230010438762	-0.909149086568339	-0.858504895194629	0.00345519977013264	3.85004250098977	-9.10473761186374	7.748947704434	0.580926184271221	11.9709174029834	0.000768967361005423	-4.41766178166317	4.3700326436607	0.499218750039737	0.681916965169522	0.968315744934221	0.794857822838112	0.986731016903811
