rab.all	rab.win.Protected	rab.win.Unexplained	diff.btw	diff.win	diff.btw.025	diff.btw.975	diff.win.025	diff.win.975	effect	effect.025	effect.975	overlap	we.ep	we.eBH	wi.ep	wi.eBH
5	6.3470126892688	6.69839006351653	5.93199306208996	-0.667156104660354	1.67601553073789	-3.58231109421932	2.3136916465598	0.324070698229489	3.63891722690327	-0.376430371188034	-4.44334146226819	2.35464376734438	0.345388402107574	0.000457939555373386	0.127809400150841	0.00104997024617795	0.270851610968929
13	5.52720570827601	5.87363755088962	5.18086148281829	-0.637551888110659	1.8381809664482	-3.68720128560773	2.89437495039191	0.345419610123292	4.00638919496473	-0.31430879152373	-4.28204468620604	2.57122365759397	0.363869863575025	0.00399497479546541	0.341764768889166	0.0036407483879961	0.37884981078381
92	2.22672330002491	2.44812270902504	2.01252144209644	-0.673298420387695	2.30409966871987	-5.09540247883844	3.78918533732818	0.39640619818205	6.05874702524999	-0.266615979639889	-5.02664477151538	2.88656046569512	0.379199658097104	0.00832590719008009	0.390887630855056	0.0106211656584505	0.455093515801471
42	3.85090319897565	4.40499967697068	3.44624488852322	-0.575454800954247	1.92859982162158	-3.63114604932762	3.76601184789309	0.335046604110714	5.00747127530928	-0.265687477407606	-4.34754344164275	3.20694629604997	0.384763535666656	0.0540866666720458	0.557331188579423	0.0142500663862855	0.486786262715516
114	1.68993219728709	1.47110318321233	1.89177621650798	0.625547593751296	2.23783777351805	-3.30616620490273	5.14894749446385	0.390841624626351	5.49886599025138	0.254277426487756	-2.63643147968054	5.00084103091376	0.381767601590693	0.00751139136369936	0.371651957742634	0.0141531755875855	0.453997539330055
30	4.76825981148912	5.02205345080704	4.47873894946055	-0.400849774780202	1.60014303221021	-3.16906148658223	2.71534832576707	0.286967289065808	3.72695405832854	-0.237773619961492	-4.38597066100488	2.88435605711389	0.393835616862806	0.0493500658205439	0.551989235788731	0.0406176867518973	0.548954438343781
57	3.60623069787987	4.01434329905865	3.35139156962661	-0.478452085063669	1.88081226511708	-3.65942457283739	3.11850019568745	0.342214754220628	4.1602837345252	-0.236514869925278	-4.07858265749957	2.7862873433448	0.40025684971165	0.0415511665397323	0.548127443556022	0.0407242605638055	0.550421455868496
95	2.79570591724658	3.10490325831699	2.56645951940421	-0.554448237274925	2.22205188913254	-4.51821275593515	3.57168721820918	0.387354667745225	5.15290124493347	-0.23102855734359	-4.62028455726422	2.83765034472313	0.39875856204688	0.0287295070032811	0.523341090800049	0.0366082154307382	0.543777250335771
212	-1.31295343638129	-1.7499083766506	-0.939999499201543	0.894480281551306	3.57621215904188	-5.93731897526615	9.33721931990908	0.661348096672674	11.0147818672041	0.227438983181006	-2.77685974281157	4.96575426266559	0.389340753868892	0.0400453217550573	0.470297387916559	0.0332576253147702	0.496755384438005
1	7.82470169817031	8.05288735785549	7.59795741339034	-0.336209015873656	1.48410163009549	-2.95033654471401	2.45209351236137	0.25255679090273	3.32620596921454	-0.219189216814644	-4.14633708597152	2.78991014133735	0.402397260661362	0.0494080972697834	0.55216839408898	0.0407477204540981	0.550411924265713
32	4.34423810504584	4.72572058760134	4.21702109195898	-0.478634127744945	2.15944221001108	-4.09206915117599	3.30144546570858	0.357307296382616	4.38497600538138	-0.218669459689991	-4.17915596703239	2.63104953117732	0.408303017695728	0.0617374006003289	0.567206162759232	0.0648544267955711	0.589410190760724
84	3.06056119645704	2.77827836548864	3.29030262234718	0.407903749636702	1.79810996030178	-2.68737917836739	3.62311024245454	0.343684081702314	3.87718263739012	0.213567631244837	-2.49948670343226	4.05642415378712	0.406163064783753	0.0345815360320715	0.533190747902182	0.0554718224899796	0.576168816731544
16	5.02877156433537	5.35754847835902	4.69617953505452	-0.41550339134082	1.85846045132187	-4.03240677191347	2.83297052525622	0.323170893970911	4.37024393674621	-0.21299075155214	-4.49072793725434	2.72847184419197	0.403167130707063	0.0250234918052435	0.52833127033419	0.032724852454642	0.537417047563483
109	2.09137467745834	2.33323759505274	1.94709262098709	-0.412098009377148	1.88224863070907	-3.9163493974467	3.37951118953494	0.328318204670289	4.63766136181597	-0.211590966701184	-4.41871985733987	2.87672078286306	0.404237107163014	0.0748294426597472	0.582059245500236	0.0562303955342222	0.568544377640706
225	-4.36129873509652	-3.85300462948945	-4.82012744224773	-1.18584722468509	5.09500185196575	-11.4632986597874	9.44666430723371	0.899707851284617	14.3306432942489	-0.206537756018581	-4.46173859602254	3.10146940943128	0.404665097745397	0.144126006030359	0.584859927993189	0.104070964383307	0.561104141410064
28	4.66941408705232	4.82098673415183	4.45007459952888	-0.398019412177199	1.93418079954549	-3.52115434401695	3.18767326458905	0.365881936726	4.21216930572427	-0.199918483727806	-3.82965602173403	2.99665761913771	0.416952055120576	0.10400670191174	0.628486944108381	0.0836320015857283	0.614048519778671
76	0.677695417618642	0.311010923022111	1.21813491167235	0.90070338591411	4.49412369034352	-7.9352113024495	8.73271830407223	0.752529009765575	11.5301867150508	0.196107050296999	-3.20824220520503	4.54944311269998	0.407320205845874	0.100815679603942	0.618035687152767	0.0597135216059469	0.580869667500831
142	1.59102292482799	1.7523821882268	1.42283221779306	-0.41045304174096	1.908279039839	-4.05554465768304	3.38165167763604	0.342800752987367	4.83707070831	-0.195312139106839	-4.27718293151825	2.93922495143971	0.409246575700747	0.0668642023514875	0.579174885094221	0.057773426996832	0.571192465025346
157	-0.599080590366214	-0.964530426075926	-0.304095798664987	0.855123928349254	4.23154904217366	-7.15717023524558	10.1744613908392	0.591358807461148	12.1586779153063	0.19100236214534	-3.37432091068674	5.75093420457523	0.388484589489126	0.0232067057130679	0.46221353615161	0.0270628089358481	0.501497021296425
156	-3.36182840825505	-2.78934865684774	-3.78397274489277	-1.13066424146532	5.4357508704539	-12.6752408357091	9.53808074021088	1.01212359705066	15.4149349199036	-0.190975499501473	-4.56361043946586	2.94515375083581	0.407447036530933	0.110185264144043	0.591544849026708	0.102669800497748	0.59523592688166
183	-0.463136673558624	-0.848144900704012	-0.0489603315956231	0.77638904614323	3.59555007881868	-7.06664388845796	8.91699165066237	0.544451241955241	11.3191729129286	0.189177114981014	-3.51701713016052	5.39069051710928	0.393109352021713	0.0777865976465551	0.569016470486943	0.0397565108474319	0.533308202406555
229	-0.290263351778227	-0.01370194964358	-0.572610354361959	-0.466674055393693	2.22586654252614	-5.53740066037485	4.01733927313363	0.374200282807338	6.67065773007599	-0.187419895417795	-5.12920745880673	2.99301800921934	0.406464041465942	0.101869892143662	0.584686252765485	0.073829294136392	0.571311027884998
69	2.6529822603856	2.79059501290669	2.52682637987297	-0.47915203505627	2.35818410915853	-5.46668682466729	3.86193486921526	0.383900249564766	5.91920143064922	-0.184910862551176	-4.35517676589566	3.04701010566993	0.411386986650647	0.049423282723369	0.553691563310089	0.0748304719404671	0.59959677860847
17	4.35050775551536	4.62226300490325	4.1441489064565	-0.426047499407957	2.1849200286824	-4.82495711228519	3.82685790062931	0.315292614840169	5.25039981780619	-0.177997401158725	-5.10482646663506	3.35492543518968	0.399957201339281	0.0527254705880905	0.555399731834872	0.0269455831527641	0.525824539309378
205	-1.36380391629011	-1.70520252799418	-1.05576782252985	0.739896775078436	3.78722302772467	-6.96707722956458	9.01208252143423	0.559706932149185	11.1533037659322	0.176253509766684	-3.4429430084586	5.41443249222827	0.400042808616681	0.0731247062954102	0.574324650950746	0.0467962838286745	0.531091466602878
126	1.40240278808299	1.56697893662736	1.28419293460095	-0.388575019298107	2.01221010266711	-5.16094862680472	3.45003003171446	0.359634488767942	5.74434092700998	-0.175991526363065	-4.68151353105624	2.81083876256177	0.413866895267062	0.0312482350608733	0.521505168598276	0.0810791782925615	0.603633056343132
235	-4.52612971243024	-4.09113740818617	-4.87603270539482	-1.01403936998756	5.33184060584731	-11.689463412398	9.63277407919919	0.950187571805969	14.692847737482	-0.167594087571077	-4.50885395646568	3.26546042792798	0.41729081992648	0.180604154610606	0.622509244176706	0.168789721613359	0.617124449162194
49	3.86405404273526	4.08584352120389	3.70582009814518	-0.34760654800955	1.92168054307467	-3.92996242771114	3.17383794353587	0.336958174631967	4.58046923203919	-0.164131759456715	-4.33823009305646	2.87807019469495	0.425850631575441	0.0766364161533289	0.587382703809879	0.0966620444849984	0.630096555544421
55	2.58602190954742	2.19399685612445	2.84941296876322	0.478778577849562	2.63654747026222	-5.36353167024073	5.79768904421556	0.463874428482423	6.73667263475543	0.164085547440515	-3.51309234557335	4.49962525965558	0.421998716333338	0.240877692780548	0.764880040845779	0.10316603349191	0.638312102520013
138	1.31915856965214	1.76760317400742	0.947341308282454	-0.452512338362585	2.59629334811179	-5.66569048797476	4.09235885120056	0.464819276589643	6.52739677255873	-0.163842396438467	-4.27940380284362	2.96258915093237	0.42285469749824	0.106311088517813	0.623596927639142	0.151869390306086	0.680306119673884
173	-0.65378080848147	-0.869515419307503	-0.409662002769458	0.606343571173852	3.30328040874358	-5.16276032078742	8.61481791627868	0.534175242135084	9.37657822837362	0.162423635181104	-2.86547360760482	5.32933483390518	0.407661031822131	0.02414802564645	0.457945612037879	0.0720658280633477	0.582194748346452
189	-1.05946341008388	-1.42876524168225	-0.722356169492882	0.715252151843384	3.90618208519961	-7.21769126354852	9.36641766025097	0.627991498950435	11.8528841517434	0.160530786246895	-3.54102161939017	5.04738056133104	0.408303017695728	0.0933238733766814	0.590333556041769	0.0598442249676569	0.556127327707833
86	2.47407886964922	2.71190008012085	2.32694834032553	-0.496705089392482	2.91590311867743	-6.96242197051645	4.71840961611606	0.489054769733699	8.0134871522963	-0.158893269934917	-4.65199036947125	2.89977599412673	0.421356730459666	0.0610127032131166	0.571658974228101	0.107489943107515	0.644567985311833
93	2.49040690078722	2.36060874900926	2.69449980679501	0.314713341434543	1.95669106826025	-3.1060669955804	4.06670363952485	0.334847100930428	4.4684697334153	0.158147407750735	-2.81099031673005	4.38203431736756	0.432270490312517	0.0730375078007263	0.587677234158132	0.138785181669316	0.671800239570671
24	5.07592603323855	5.21579970776728	4.92682151615478	-0.258096833932111	1.59962745734494	-3.17205801168299	2.68491688085144	0.302918369360456	3.64396112480412	-0.151568809942675	-3.74145447382121	3.01879446143159	0.428510274251232	0.173129280534673	0.699160511901987	0.167595564741376	0.699949831341371
140	-0.194785421134918	0.137333238150662	-0.524669789045294	-0.691680317883844	4.24156507082281	-9.42702897146446	7.63132302254413	0.595006020610371	12.1570062929644	-0.150958275740807	-5.61983709144658	3.72937685218008	0.403809116580632	0.0979195131036273	0.60236761533632	0.0518489706004707	0.559300183491923
41	3.79844956675902	3.6606908662703	4.04162461519456	0.306113640511307	1.89966541113956	-3.48228210165917	3.49865012257416	0.314073354936529	4.33571592711372	0.150549091922009	-3.39513073326548	4.18556674114137	0.426492617449136	0.168201034327973	0.695065811261997	0.120606936127615	0.655359981763616
155	0.500159824034276	0.242368209011113	0.700439568258611	0.495685542141347	3.13844175488057	-5.49500988630995	6.51369391179338	0.544739111243568	8.05913358036502	0.150446871521962	-2.99625879121536	4.33668437955552	0.421232877020699	0.131164189872821	0.654299378254892	0.130363817627594	0.655570724016304
10	5.61315523263884	5.73804355295804	5.24356528661095	-0.315210287408817	2.03549577630423	-3.47985597975594	3.34475887771184	0.350016250831211	4.10534324505104	-0.149546013845757	-3.43293057248406	3.2389865303326	0.44232826900114	0.311017197962221	0.824360200493849	0.292256444246464	0.803967086286541
269	-3.86427581055009	-3.41813080003532	-4.24570886339421	-0.849248397701251	4.92934436423917	-11.9123176338572	9.25792499537491	0.868936430939656	14.3984243219997	-0.149465208204929	-4.4719024971491	3.32611676229598	0.42499465041052	0.189241762271606	0.664357482137114	0.171406690358046	0.66338120121925
52	2.70575899658764	2.9395151591799	2.43450575598666	-0.442592031599153	2.9554469186061	-5.63768037953435	4.95696025902044	0.452352160156267	6.46962557317457	-0.148929183694846	-4.47047405838732	3.43059744653317	0.417076824635263	0.12820055593462	0.655271190633927	0.0900545790852361	0.619651407326533
221	-3.14756726664324	-2.66285307906492	-3.52052280217431	-0.879991529240155	5.23069885823325	-12.3998482716719	9.20841725297499	0.886084113809363	14.8636209321502	-0.147079441636517	-4.5359900105442	3.29270034017475	0.425941781111	0.149993642414785	0.624772860609281	0.149235289459961	0.649278218616772
72	2.12280691998481	2.38112248366721	1.99279339218457	-0.439401728804572	2.43661670968454	-5.94028746602117	4.80428505008206	0.375918318680127	7.04007258740556	-0.14581618550298	-5.57298091866978	3.41447388754121	0.418574791673787	0.0873976042421026	0.602389774859359	0.0847346014099432	0.614702534870785
207	-3.76248497500925	-4.20494436223544	-3.27858080609733	0.876597011156215	5.23732991603877	-10.7908462272085	10.8716661232229	0.918183036582797	15.1200519455313	0.143473470506921	-3.52205819847145	4.04422484345604	0.428938356441275	0.358351074371773	0.785547671031727	0.1913696948897	0.681790724130229
136	1.14390279022984	1.03747045701852	1.29309185370777	0.368211331890524	2.41964088765205	-4.26247776823579	5.17448338945948	0.420660217295623	6.2458379832887	0.143271521886462	-3.27497403236199	4.64966888694461	0.42927455623518	0.11133307441182	0.62972194106268	0.14086896287065	0.670596984328818
252	-2.99449948082539	-3.45744654558706	-2.48054562174511	0.736242683626191	4.39969983844957	-8.62963127705649	10.2095308347273	0.790862658584349	13.5407491807028	0.143148361693022	-3.2608389849161	4.62318740395625	0.427654109871149	0.234512638808942	0.704759118148277	0.147572834165746	0.654777222350908
44	4.29127684653462	4.47615043679877	4.05543565084698	-0.252140940680667	1.6940499609136	-3.066525610711	3.08257482052012	0.308929360853783	3.94536647927391	-0.143127198229628	-3.75688393687506	3.21060393338898	0.437406377302375	0.307280154993819	0.817324580129543	0.192138681244186	0.719437367092964
226	-2.69078483403648	-3.20070533190095	-2.30576521488126	0.716504612572824	4.38997193032292	-8.71727068615262	10.2379615041961	0.739471202062236	13.5169884564095	0.142393825687765	-3.42604681923077	4.80439943046927	0.423068692789466	0.26560212865369	0.714374646089151	0.160083849419241	0.661093002202462
85	3.13834085915125	3.17637595621892	3.09205988039635	-0.26959471031567	1.75992429318172	-3.60941276993855	2.8529668211182	0.327441776165344	4.09972564411181	-0.138619402481833	-3.73987135612346	2.91613572477149	0.439546330214864	0.161553301293732	0.688381061791448	0.251452053592002	0.762820306991161
14	4.98581894038409	4.8555906656727	5.21847022647842	0.30043610342915	2.05712344280072	-3.29305315516687	3.9836063099165	0.360240960987892	4.52210903907118	0.137542469872137	-2.92972474774833	3.86382887165069	0.440924657762977	0.150125243799028	0.681248377010311	0.202476226401822	0.727916249363168
54	3.73124838460281	3.95754286527764	3.55517085075355	-0.286121546852705	2.20011611913573	-3.73971062146855	3.22995248791316	0.340229456399591	4.15342546291156	-0.136957204835395	-4.09620557282021	3.2728547193394	0.433554462059966	0.166322818810481	0.694562784012224	0.163103555013891	0.693201706417016
146	-0.101131178459469	-0.366600172296092	0.225256511382709	0.562946681018143	3.63737276688557	-7.51021403407571	8.08847968058216	0.565697032060084	11.3100320792234	0.136675498439394	-3.63511575221557	4.73589758855659	0.425085616730932	0.266821820749494	0.753183775183496	0.108271420964302	0.631494901404852
245	-3.94083484822828	-4.26272073384198	-3.57857031135067	0.815515459661091	5.17639814079952	-9.89471226810084	11.7579252540627	0.977513848505704	14.919575784482	0.135808846586944	-3.39283608940054	4.16812471762852	0.427776589196533	0.263254532420564	0.73017425581997	0.228096233256035	0.711509658423243
40	3.87358701099837	3.97361994201137	3.78000833890825	-0.258130011206445	1.75057326805519	-4.06869147956276	3.05649259706726	0.319986262877238	4.57377932437802	-0.133659408181369	-4.34718239490237	3.17146688816015	0.432363013961668	0.125229990361524	0.648735667899106	0.177411308554101	0.707983912969564
46	2.38498488428997	2.12272204960435	2.52438994608714	0.531318295202211	3.68636966513424	-5.95722180079587	8.45052915063724	0.538142433767519	9.77648305559693	0.1334318799691	-3.31882112816407	5.46715174345616	0.42936643863132	0.0764390512087301	0.590053556303822	0.122425225138403	0.656180176376184
19	4.0449171391636	4.16786324521272	3.90675469047278	-0.37879372164223	2.52183678257111	-5.59235258752319	4.67947575239531	0.406352556445676	6.34607537659855	-0.132256231352399	-4.63693819418842	3.57536431489839	0.432791096151722	0.161230052347113	0.687218269504052	0.146650227903208	0.679588687780765
48	3.89738199099148	4.0219824014247	3.76523967476112	-0.241705323470517	1.76400863027638	-3.56788494872198	3.0491798778915	0.296413608569905	4.11342879362378	-0.130294489061941	-4.56448626296078	3.26044089900046	0.433219178341779	0.182489258230626	0.711040816316474	0.161393009173186	0.694048593725033
31	4.07989121174075	4.25671764200733	3.88979880196683	-0.298108468588879	2.11091356784386	-3.92999985872751	4.13533450788993	0.357521609908916	5.09354905432237	-0.128899804658511	-4.00742438605898	3.39533908765358	0.438262358467368	0.354360296209147	0.845121352117732	0.219756895568303	0.743647022941454
36	2.8718183369657	2.77750457987277	2.99287314351907	0.320946563189335	2.33524710029298	-4.50163326238758	5.37174264236285	0.317837111824923	5.86248055904395	0.128769299839714	-3.98667408172277	5.79864061687721	0.420590753735671	0.0793387846847548	0.593584500855838	0.0862832445373487	0.611251932241377
244	-2.06143344696311	-1.82155597201861	-2.24875637308158	-0.619321108525272	4.07587600097963	-9.70519820288751	7.96305081747621	0.702465577271802	12.741353428809	-0.127705576614753	-4.74540496587272	3.55375064333669	0.433982452642452	0.27470489074685	0.731676402061991	0.199118709477318	0.701393736032888
62	2.4835478229034	2.78257797869479	2.29554204816495	-0.364213639943972	2.61148702152019	-6.30290732780275	4.34033188108783	0.494674333050415	7.07801521621606	-0.12753448563572	-4.36756279220181	2.93344663306027	0.442636986523292	0.13342905904841	0.654210234198886	0.210947965705009	0.734188133124064
180	-1.60992285856279	-1.34025050307282	-1.8679345592013	-0.634604418000574	4.41019550427152	-10.305478056504	8.76340582796031	0.674859742454006	13.6035771569319	-0.126885148980949	-5.25401900837256	3.73780676561222	0.423068692789466	0.216773809266812	0.704779156271699	0.128964296122794	0.644743342852433
100	0.920218242635948	1.17240592787488	0.726337762232763	-0.435885328947312	3.0245396953749	-6.62013790505526	6.14904896957	0.459566556187376	8.47416794122644	-0.126344402937954	-4.67208816978562	4.19148006312237	0.430772523273841	0.384563160757702	0.839567612132105	0.159122863343939	0.68536291760388
8	5.56699854246441	5.35541680129106	5.73248979018518	0.267830253863859	2.02962013396765	-3.40344695059153	4.25125293259826	0.290095348318136	4.6845699355593	0.123356560840629	-3.60919734386555	5.02299601902115	0.435694414972404	0.170253027700119	0.696664567519028	0.177648927139064	0.707476468926971
90	1.47239579412974	1.63876555411679	1.29778977476378	-0.395441326682353	2.96763733809348	-6.34745394052649	5.11530092853008	0.426107604636328	7.52639554791233	-0.123226756686422	-4.98300516040906	3.724693318579	0.421660959210719	0.209450060415039	0.731196080052341	0.110076617768514	0.641637214587753
18	5.35050180508214	5.30409186335347	5.41724131670805	0.174812379174199	1.27841775141741	-2.23573182040873	2.64503468922859	0.22272743220804	3.18381825063354	0.122083745471998	-3.06951643328984	4.20818085838016	0.44168628312738	0.162720532229799	0.690717156598441	0.219088433931842	0.738765464348829
208	-0.878704368962111	-1.06837613374481	-0.718912806036094	0.51839399386033	3.62378677770973	-7.06490978450685	9.28244473499721	0.648367310667874	11.6127943175462	0.121558929192908	-3.38735348998886	4.87979775358516	0.436643835862266	0.181165029530343	0.685308840113362	0.214240484743169	0.731391364014487
53	3.26192562672881	3.40203325060345	3.13970213147697	-0.28562819383262	2.19722250913609	-5.07640515086807	3.72074667657152	0.384330605037044	5.52098817717135	-0.120672917245151	-4.46562540209614	2.76213998891657	0.441138698858016	0.0821072221018571	0.592432125564921	0.211759561266906	0.735802746256377
112	2.12589286623109	2.17658978011147	2.0373110165474	-0.229915336637247	1.75864144862752	-3.59059536221801	3.54249048360497	0.310323856677701	5.06195790848321	-0.118548216466419	-3.96658462935776	3.61806435232437	0.443279109808413	0.353296264323212	0.833313480604765	0.255370426934332	0.768479532703559
190	0.266168680472238	0.00612243745472707	0.476728641252848	0.387103568034041	2.75489796010103	-5.12250849988751	6.68021368474428	0.499237135782944	8.99816408667822	0.117416027537985	-3.28580052257576	4.55264835897517	0.438142123527503	0.185979703779554	0.698735949062226	0.192046213309829	0.716369780482052
99	2.74134451166537	2.85814844260512	2.60229306908367	-0.23271386695853	1.86886795590084	-3.43288960533517	3.27999833399769	0.349063652874002	4.2443828009358	-0.116543796621437	-3.66412688748044	2.95994438805483	0.446489726234055	0.326853852372792	0.823504930909753	0.287459198198624	0.791705547630699
71	1.13619639025158	1.37065665334912	0.905052726523632	-0.511874000552133	3.74868020908854	-8.04686183126462	8.60835816651702	0.581953920741508	11.2561462064176	-0.116109708225954	-4.41146735481994	4.1141244108486	0.433647260531835	0.592511996652492	0.911294124657352	0.171418479545182	0.696631612969961
89	2.66736867978354	2.74968143778528	2.51970780649926	-0.23862640875292	1.96586194922737	-3.73579401857558	3.22206681484989	0.340193461973205	4.28915463790522	-0.115667802917956	-3.75793358802293	3.01500966831046	0.447988013899374	0.28627169244054	0.799473314685432	0.25695057438704	0.7674481410029
159	-0.346430673776938	-0.531147440662934	-0.149594378942328	0.439916500163989	3.30201130829774	-7.17119870993242	7.36206214890749	0.504890267183237	9.74903224192242	0.115588386004357	-4.060684135351	5.02739084696404	0.430008561916389	0.35759546612776	0.812848295905221	0.176112510602319	0.694943634020669
94	2.1018921777893	2.4206792609922	1.91072222129115	-0.267281544386045	2.2813846397918	-3.93410903698781	3.84080137858827	0.397113942819647	4.8026808544593	-0.114486502229679	-3.90775813032479	3.1052552675324	0.446394179535002	0.412098715976458	0.862318109593925	0.355029251601528	0.826224401197239
111	1.48605102172457	1.41773537338635	1.57442153727663	0.257285947070556	2.08885898339949	-3.46887460479599	4.92792219796077	0.356322702015852	5.60895115377481	0.112462631575608	-3.06390580851308	4.46748912504023	0.445847602948923	0.116878390208617	0.637303316734609	0.223553796072547	0.736531623854316
219	-4.6108294932504	-4.86699748980228	-4.34591917443406	0.659551648206499	4.95771313000625	-9.36850972369486	12.1227864549465	0.931022779118472	14.7564682030362	0.111413845672496	-3.3538733619112	4.48970574759515	0.446822170117519	0.301602426932622	0.72609638095065	0.317604333072098	0.741152304949051
81	1.58692741482098	1.39831705595982	1.70217766111335	0.33942048458608	2.94228708429665	-5.39389610736929	5.49833127477237	0.405827314362945	6.67795213944555	0.111401736865444	-3.89178625257437	4.48041388285213	0.438570205717573	0.566154359814249	0.90647604568729	0.24151459813782	0.75597809312729
79	3.49807559479811	3.38514310626616	3.56084499984226	0.143091719605539	1.25128270198816	-2.1491909836054	2.6076325560562	0.217476119221523	3.10413242176579	0.110963230575143	-3.17166732712122	4.29707906210644	0.450888080651475	0.286422529147126	0.799552458149862	0.336757867508484	0.818014910235481
27	4.71087564910194	4.82267916146421	4.49608932604023	-0.278550765824784	2.4540244404492	-4.62981975204766	4.11959297639529	0.432265921978774	5.30765967305569	-0.110609585474777	-3.59715124812144	3.09372884929778	0.451412671420142	0.299325421360095	0.814305770235056	0.379436368137511	0.852150782514403
293	-4.58436750456316	-4.30522148988111	-4.85320535515883	-0.572965549262018	4.79357101247606	-10.2374979295848	10.6079480232955	0.874024989785099	14.5724147819657	-0.109190441705485	-4.10173598634882	3.70009508024218	0.447678151282555	0.447814703711753	0.821393472668033	0.353106719697251	0.771186652068604
106	-0.434645178832713	-0.726715397716202	0.00638876863315563	0.511042963994257	4.31272410106384	-8.67808498487598	9.33947409203158	0.66403974374498	12.3721702967601	0.108601417876575	-3.66127430921264	4.32876082721919	0.440924657762977	0.398832781902552	0.829257296085791	0.260840237079731	0.763756023441794
263	-4.06795969149853	-3.78831809161025	-4.28217726007958	-0.564544680873427	4.45520357116293	-11.0619095995608	8.9179182585351	0.783519470244181	13.7179280642679	-0.106718121134229	-4.56846048517035	3.51492924375512	0.442756259583647	0.31244144978386	0.737405113218839	0.314394987368024	0.747764319708811
116	1.92561550544732	1.79307919634183	2.01391253640991	0.212412570104416	1.66755807684101	-2.9579667437219	4.11499099707899	0.276649651960369	4.59313737923822	0.105600995058573	-3.31932734211984	4.85608967819875	0.441994863238171	0.167060679141883	0.690087997805728	0.248159688186326	0.756090300322095
266	-3.24026242615875	-3.55162084414646	-2.94550677985823	0.507225594370026	4.25243320700901	-8.32018519549747	9.68940438641572	0.773753920218052	13.0478744550161	0.10505214161228	-3.27401016699844	4.48173582520264	0.44382623603992	0.32948260388908	0.751329028618773	0.287410811427156	0.743235261473586
141	1.20572913780975	1.1195022936758	1.34294736579851	0.232100016220217	2.07598959311312	-3.75741273944405	4.70526675074293	0.390928881034587	5.82927462348251	0.104083404736368	-3.29250621308694	4.06002024973545	0.450770548134994	0.331784064221943	0.807058415170639	0.381043205399012	0.835211407926441
223	-3.06980736224987	-2.6332461989341	-3.3806410365198	-0.580040433228143	4.78592648926528	-10.533207910207	9.99440058923994	0.838405519954939	14.1094014970711	-0.103491072947081	-4.13177909388041	3.57620533466659	0.450342465944895	0.465947779395529	0.83971471144106	0.318253229034478	0.7743220551279
61	1.95326434740985	1.77041512413084	2.11203622801486	0.490030759765472	4.32066383553047	-7.2012822464042	11.2168019114847	0.497703752030618	13.949204296034	0.103477744545296	-3.73119149374257	6.50347904489709	0.420928739877219	0.0694699851106086	0.574966454701894	0.131100232967637	0.667418639589017
243	-2.34181598670614	-2.05817057321373	-2.65195009050758	-0.51361070007771	4.17895262502922	-9.63535973009262	8.57552970405192	0.709215442604757	13.2156218416246	-0.103326242017762	-4.42647094007645	3.77029978283232	0.44339824545741	0.353250802584801	0.774832805471368	0.286319081581984	0.758653391322868
279	-4.63812767125165	-4.36503190838495	-4.90428164026498	-0.570626966826736	4.76693838135137	-11.037760084827	9.17030807039711	0.832458335839575	14.1827811753871	-0.103069288556909	-4.41142924794606	3.37322901035615	0.448534132447596	0.375656463013994	0.782373810178439	0.360825135288001	0.783079239398306
147	-0.532696008682509	-0.676558709671037	-0.411433326733671	0.417020331740305	3.6523864655698	-6.73151423620982	8.42359239175395	0.515430046896633	10.3536606861021	0.102345876829196	-3.77762263509383	5.53190805068253	0.432363013961668	0.166424900687065	0.678419230979362	0.208613845482084	0.717285519121178
265	-4.71418606208101	-4.49202745804271	-4.91372914358229	-0.590190604184524	5.09098842318775	-11.5838901992611	9.88329371219862	0.83610730923655	15.0463231900013	-0.100402814125536	-4.76480142302884	3.30611530017976	0.448534132447596	0.362201966316663	0.763405934889687	0.354855475861117	0.767096699520631
295	-4.77648234634164	-4.95618783940364	-4.60191363297787	0.500601023475545	4.41289543668024	-8.95242182222072	10.2502427068022	0.762739853329779	13.1365680260746	0.0998063659360966	-3.5662895151786	4.53832814762942	0.448844178279561	0.354445472432469	0.748269670863548	0.380094452622385	0.771856132013749
60	3.23582055478401	3.42166590866075	3.06855668075386	-0.238415400141142	2.2517472779772	-4.10863629147904	4.20813376468212	0.360257290209399	5.41581259667875	-0.0996277064202338	-4.00196167249217	3.28929359944962	0.447773972804327	0.441868308274936	0.877947448022278	0.2928668796997	0.794721582040929
47	3.31819830504008	3.6268976611157	3.15350190140263	-0.242866949834632	2.35174702567014	-4.59314801440736	4.37768049712446	0.41203358710786	5.95756820564418	-0.0984415927539995	-3.93891374396491	3.30141421696207	0.452268835800342	0.324460271389907	0.828033073293274	0.315456366247034	0.813405792434206
297	-4.7418112972308	-4.48434022824755	-4.99498112200096	-0.507676509344409	4.28741677446864	-9.96850791101301	8.79982741208464	0.784862533124174	13.5802537284034	-0.0980920300686996	-4.39140511789173	3.41552023877534	0.449604108903901	0.387923038064736	0.771430826339866	0.372663976563479	0.774899612433949
144	1.28463459515046	1.34236649725412	1.24271359808782	-0.233198056004351	2.15704314688017	-4.12930410924421	3.8297941807706	0.39844831118016	5.18967804761969	-0.0975388359410864	-3.6272804037263	3.3510737679767	0.453884014729176	0.393688854111967	0.847398190919709	0.413934171210918	0.852281801289263
242	-1.75815418805035	-2.00203396265649	-1.52611519635125	0.4531528193664	3.96553176668675	-8.36278632461029	9.41991466766139	0.693994886796059	13.4053528639528	0.0966766410031822	-3.78412020210288	4.26929230845406	0.448962123030117	0.434303594002676	0.831576808953675	0.328551198980538	0.790694747727032
12	5.50751286891913	5.60495087511564	5.42797574439019	-0.199517697406833	2.02043139840637	-3.7949727776617	3.29797163430085	0.409613532682098	4.33397024174433	-0.0947005558823437	-3.36072036387281	2.91831381617739	0.456121575511285	0.357586280830115	0.847283181889149	0.419803209165198	0.868366311994938
192	0.230093923138804	0.126585434727708	0.407363930718203	0.278183883966697	2.42503964075297	-4.82705722868113	5.64460673761607	0.393690737848288	7.44238616706829	0.0940864624092778	-3.87351215527471	4.6690459617688	0.450460090068949	0.37061191713508	0.823798676925985	0.330782624009525	0.800288285130497
250	-2.19141604941712	-2.52535172414327	-1.93028855606461	0.441293327397365	4.00903979070063	-8.18430292540751	9.28770312325125	0.67255048877464	12.0507626688695	0.0935748863851777	-3.88565213158137	4.4490831704989	0.448748127738857	0.380540780200107	0.803926832631367	0.319650319605095	0.778757166715998
262	-3.23634067493458	-3.52272794114856	-2.93128862094913	0.486065413312994	4.55663347521965	-9.14760419104584	9.99315548218512	0.82832039716298	13.3960082559726	0.0929520561342182	-3.48816325176469	4.43411019032027	0.450556507039944	0.443201868048803	0.827575165977419	0.372292572256023	0.794673394646547
287	-4.92749012851262	-4.73102503756694	-5.11731735946743	-0.516368831359514	4.63064110869513	-11.2911175640877	9.34056877458562	0.820468932826986	14.4459289815637	-0.0916729666426409	-4.26212344421945	3.56797502377096	0.451840753610242	0.369529396202915	0.773926884867379	0.388003377931475	0.784107838251774
222	-2.01225742042168	-2.14305703539514	-1.87851300762771	0.418047718502542	4.19444692841507	-7.94723759275747	9.83849007563257	0.741674516206406	12.4778118008179	0.0915084791205335	-3.46207377136912	4.35801988413628	0.454098010020442	0.326754409314328	0.767515557103431	0.382233092011441	0.813171322317359
283	-3.77073888518344	-4.02857403863451	-3.52262841104152	0.45212869124473	4.204003763501	-8.95372866541485	9.56911590919418	0.781853983591718	13.2619448311081	0.0913503051300127	-3.59050593611512	4.23745578736104	0.448844178279561	0.438047748461404	0.808792631232037	0.351405753203708	0.767170909839705
145	-1.49786114094281	-1.21016112662084	-1.78923342264561	-0.491622431944021	4.68975483181401	-10.3124505929808	9.51844032661584	0.782570409877592	13.9434998459359	-0.0905118337990884	-4.3748685732746	3.61920882772531	0.449604108903901	0.401122610251911	0.824844981017956	0.310924480179599	0.79219680917656
214	-1.82919962777516	-2.06320390733779	-1.61051439103423	0.436425810361607	4.248193168579	-8.7287241848467	9.58880867740604	0.659185837211267	12.9172375178571	0.0898242939069947	-3.81135482709317	4.51973143504606	0.44939011361264	0.449131764002184	0.837321765215703	0.347649332289453	0.802678944555531
185	0.281315174012066	0.471257064554734	0.125712297602984	-0.258645857672725	2.36745817352647	-4.54441673028463	5.63696938029645	0.3890165077207	7.23111557131793	-0.0893066333294229	-3.84140492000024	4.18569552982155	0.450342465944895	0.766581689396136	0.947962437652592	0.385707874822876	0.822445711419513
33	4.13843505012572	4.07824732053438	4.28388199885303	0.170340556480581	1.80232726799581	-2.9714930195662	3.34609223975932	0.310212685590367	4.02529254151952	0.0888533806454951	-3.07085787789279	4.12268855152391	0.455051370036017	0.317746318606212	0.82466545427246	0.43073281099789	0.873789132704139
56	3.26999747999767	3.09472139983355	3.43081289516806	0.207319905311154	2.07638494476364	-4.03007690646717	4.16226597206007	0.335316298171352	5.0210087091994	0.0888302837350005	-3.34136285977029	4.19391986839307	0.454623287845911	0.414646870549467	0.869186146389188	0.371865386237613	0.845282605469363
276	-4.97763922379659	-4.77007567468641	-5.17939775351311	-0.488855658617072	4.72349372934937	-11.7675143790515	9.50710256704937	0.825047703810535	14.701956187413	-0.088425119166897	-4.46513972643692	3.36380657789539	0.448534132447596	0.36505336314502	0.759721861265576	0.380231159456584	0.766879303054564
64	3.45233761833264	3.57709819919234	3.3729173875734	-0.181476972731105	2.04520739987998	-3.9043486086476	3.84321570253018	0.353055861174542	5.13270521069817	-0.0857315579872868	-3.54583290047442	3.55054941101198	0.461373849923594	0.560269768299795	0.908113397386089	0.433761011154625	0.871110580757952
289	-4.35735112070533	-4.12593536003586	-4.56261519569111	-0.469497414132776	4.65546468898703	-10.0159206237317	10.2559981067843	0.818704923613368	14.2849478893696	-0.0844829172330915	-4.00291285466898	3.70562567667251	0.454623287845911	0.441575980544034	0.81996412149903	0.371313930081432	0.782251267617011
148	1.05807506932411	0.993254102827525	1.11750523622971	0.210005460612193	2.43074173511789	-4.16951735892764	5.24925473456413	0.440222233388581	6.38976864642519	0.0834011285804566	-3.08869221104464	4.45633724719026	0.459332191937117	0.305852148005063	0.800265073141757	0.432376129314265	0.857575118488843
162	0.102602214451837	-0.0344612420668042	0.270763946533703	0.265947530244114	2.78308728894553	-6.00781893854636	5.40759316538841	0.466669396715701	7.59301130954382	0.0833618441587047	-3.99061903669283	4.30204341797431	0.456763698796448	0.701000132483898	0.932807562041654	0.376959703846031	0.82321006388806
199	-0.525237109512493	-0.623838389740834	-0.339084797696913	0.281025969820427	2.98194273170587	-5.95428631403718	6.24773830263603	0.482845581259436	8.23788072748473	0.0829526528750172	-3.74704650475027	4.36035586453419	0.45804794536678	0.487815240063918	0.870139875882406	0.388242176294026	0.828977011936221
284	-4.77020978009544	-4.58199361776552	-4.94350610855323	-0.473639518562345	4.63191727812789	-10.6152388415765	9.44061001184185	0.832437807949318	13.9888192263479	-0.082654166475316	-4.23476331512768	3.52124043665518	0.455051370036017	0.413741511100395	0.794748332513538	0.414695678469409	0.803918848218999
224	-1.88945920971607	-2.04726312078076	-1.72165967947997	0.402694315382069	4.53320881180963	-8.86635273327571	9.78056527320517	0.732948568832189	13.1605318322093	0.0825483514796947	-3.76017288390528	4.48766029033789	0.454837328940964	0.440569591450518	0.828636735260063	0.428628266835374	0.837409706327725
151	1.83414631454933	1.94169019532398	1.71157059529238	-0.129493537561761	1.30847688092815	-2.9016494122633	2.92762034074585	0.214765062190673	4.87075825752063	-0.0810399061739236	-4.62594215219784	4.1014662001924	0.457521934680722	0.507414974696193	0.882108796898567	0.362244455154642	0.820280732086943
174	-0.53420259601526	-0.667016535899678	-0.38445742543945	0.297726199464764	3.36080130010196	-6.38292575828686	7.02707012273647	0.488715819099911	8.96395274131857	0.0804490403035707	-3.909231794557	4.74335208115005	0.453456024146644	0.418968421656523	0.843738604697078	0.362220342866715	0.808532832415461
26	3.47353027529674	3.38556047377495	3.59140871393423	0.227024148372368	3.00748008641753	-4.7181893455117	5.26076977269383	0.324233661125638	5.80315953473972	0.0799891055226135	-4.31842614803789	5.71873511600876	0.441994863238171	0.144004464535121	0.672272972810602	0.237415137703163	0.755778223588871
169	-4.24642906891634	-4.46905131893554	-4.01516101506148	0.499377125212846	5.51443957630605	-11.5483121505813	11.0599820061863	0.971902898822969	15.3621423486554	0.0792473198291829	-3.42765667287514	4.05031742312362	0.458690068651948	0.532954201708734	0.865513965774785	0.431774220489636	0.817596726947399
215	-2.50870136373809	-2.84696559974064	-2.26272083750685	0.406436175220403	4.51448498860698	-9.84136701960941	10.528537494998	0.750439040279384	14.1940088950684	0.0778838140224574	-3.77556481276305	4.49559809282382	0.459661887593422	0.454163202003545	0.839682076686634	0.395502669229605	0.822722032782017
198	-2.02378980489389	-1.65283668766883	-2.44179235481734	-0.42628424027125	4.77512581014072	-11.4936476160674	9.43963402153226	0.714090191512976	14.4621077659053	-0.0770846471887968	-5.259606100924	3.96568516871041	0.454409246750858	0.327569950664084	0.779249926747747	0.292126252437419	0.772477100798909
209	-0.31392031252611	-0.338694110958996	-0.289403323290042	0.225579529935895	2.51565672510131	-4.66872680767398	6.04823351424475	0.434919728088303	7.78566936406961	0.0769725428489979	-3.38502709882064	4.64240495716799	0.460517868758507	0.297214063217607	0.772527373252246	0.51146831914628	0.872172253210214
113	0.637178701421337	0.818150445112399	0.463970875676444	-0.305581709562555	3.37719703931108	-7.57080200771393	7.86463348115912	0.6010461354076	10.7413612410014	-0.0747808927519014	-4.21514810636982	3.91182358408984	0.456879948806916	0.622353194438984	0.914249065578105	0.426382088773495	0.856950678037185
23	4.87441523158943	4.7829090854698	4.94964670134798	0.15392437898751	1.81220251551879	-3.4447937980925	3.33644038166089	0.323595044070071	4.41858966539407	0.0744664731818316	-3.39749583538096	3.81353240918805	0.464797774583969	0.59159585303583	0.913742984084168	0.458870362193139	0.882125175286021
255	-3.2167059559618	-2.9473621864649	-3.45676078719821	-0.399867990021332	4.65697419868684	-9.91265266161043	9.41744085282259	0.830165267174545	13.5117712797456	-0.0744097331216804	-4.28583536659077	3.7771065300047	0.459546233032175	0.51108264573559	0.85386847461218	0.418697804653931	0.819906186309457
246	-3.53287310449241	-3.71361853571103	-3.32675596266864	0.392563602444121	5.01890888308955	-10.1322544099027	10.3279911280437	0.885690836548596	14.4456763206682	0.0742784125703264	-3.44639409244181	4.06279344115815	0.464155788710145	0.561076637906469	0.886188477686128	0.490353132926675	0.854749058896536
197	0.0120211272824573	-0.124202194219496	0.147585507885349	0.252895069873681	2.92543280972735	-6.02997819677017	6.60113720373161	0.466126707153397	9.02735922410465	0.0722002127337094	-3.94317641078608	4.63589090002416	0.457619863176668	0.526972441748754	0.882278246241804	0.399692735707726	0.832339455558031
43	2.37372445360177	2.03559357991062	2.55687250490398	0.238203244533227	3.01483859122973	-5.98764211805509	5.77675737745064	0.576029569939293	7.71576727423595	0.07216522874913	-3.42133289166055	3.5938787134604	0.46436978400142	0.609751640686542	0.915262597247984	0.466597940151413	0.879383933460863
240	-2.53976291445196	-2.25383350401592	-2.78741213720919	-0.362711860959705	4.57204088946644	-9.59559564194168	9.86637364566986	0.808787728339869	13.6104406243232	-0.07145911353568	-4.1671632431043	3.84033840696428	0.459974315222288	0.573758514971743	0.886013781004066	0.481677383647156	0.855580919544774
96	1.77600350737589	1.88608899838385	1.7029555338324	-0.190657193955842	2.47429403112259	-5.29195491827255	4.02289608630543	0.373180100125793	5.75081085022645	-0.0701932885602445	-4.44256582376289	3.3643316955833	0.465011769875243	0.22870875708486	0.749401065291972	0.487669082166371	0.876421588836486
115	1.66101648005165	1.5900352297827	1.73459587298949	0.168273549227379	2.33585900108782	-4.72456068615434	4.62326373351251	0.358410586049036	6.06225149164807	0.0674121354277402	-3.70706759280072	4.54417583942844	0.463398972743228	0.575097594990195	0.906990285007774	0.444759792387166	0.86253217994214
186	-1.14299958188471	-1.38729670047226	-0.901974609474023	0.325562643079275	4.11817873224602	-8.6454459451001	9.60080896777236	0.639460234882376	12.8015269002802	0.0666583161499699	-4.07533593298942	4.57314390012212	0.460517868758507	0.546531716769936	0.872666173886274	0.424526610576644	0.838454917650442
125	0.644850079351521	0.799951127767414	0.543598188070478	-0.217603086738405	2.81869702061298	-5.82474867010041	5.58070600490225	0.377715831772426	7.19856367579776	-0.0662782735615424	-5.11432848348415	4.35048600945893	0.461044520697577	0.370621389724079	0.834456219008435	0.420372907218715	0.840626258408349
163	0.0685193139486353	-0.0423673182367521	0.173305181596279	0.262796873692644	3.45848153103572	-7.65370125598739	8.43379133450992	0.532009722256905	11.6826968448517	0.0659816347165889	-4.45984722686542	4.91839141637026	0.457833904271724	0.542208463253818	0.889483153521571	0.449708769445643	0.859194134132381
70	3.73095171190456	3.73526269345039	3.72503052964569	-0.126706998658365	1.80213842643828	-3.17646246636195	3.20946965114605	0.339632970770101	3.95803942224808	-0.0653166947995283	-3.24714988783048	3.19369731344269	0.470789642739716	0.646311228741295	0.927329719322407	0.549328348024244	0.903308954379593
153	0.349307886133572	0.252984684663686	0.417820632970571	0.216168677780097	2.81223971868184	-5.62889056890689	6.246721196681	0.388816563625185	8.03750929291579	0.0652824719809869	-4.16393740860747	5.1925404115416	0.461373849923594	0.391673167932592	0.837865503794388	0.42051066046033	0.840812191887902
154	0.456231548992074	0.374437461176936	0.514521486457317	0.18503482992612	2.24309349034988	-4.71940016968634	6.85898730696678	0.367037747777135	8.11325796190395	0.0652658215738553	-3.7219956444238	5.56850490372812	0.460402397412404	0.211191132655548	0.720501616386247	0.446463687215099	0.850909042283673
87	2.74326998522751	2.86943794933273	2.45858212938198	-0.148854767270806	2.14504796076273	-3.77814063310539	3.92565131742295	0.337245380490203	4.97607100514045	-0.0650040432349303	-3.70544733920925	3.4787658008875	0.472816780926005	0.77241091174085	0.952226554875703	0.55070468410821	0.902482875550354
107	2.00458200670464	2.14790478744006	1.89806147468605	-0.158461981924956	2.30902610008936	-3.9080653284855	4.12702143820499	0.407753639797658	4.97791255880144	-0.0648366087740794	-3.62542092768336	3.50511256309589	0.469291675700769	0.657233042821406	0.924519434026561	0.572284959258109	0.904074464720234
188	-0.688583973468499	-0.579027185533724	-0.811019578830352	-0.243839224344902	3.59424850448963	-8.0537989108739	6.92830099090581	0.546537340115264	10.8878692703979	-0.0642927791344056	-4.54960460776361	3.97561379755583	0.464583779292694	0.497515095106497	0.86375195583956	0.496739372876646	0.868955800951642
172	-1.48457917668431	-1.60047352198166	-1.35384416230078	0.322017225234196	4.47892879829188	-8.96206785056181	9.41572969215379	0.772538275299799	12.5866713379745	0.0640072692250728	-3.89144368964462	4.13213803587229	0.465967465883959	0.600384513061274	0.90337571591594	0.511741862815856	0.881300539763491
102	2.01072490992182	1.94124491389609	2.05070493787855	0.172812031628768	2.41638248589707	-4.56751688854562	4.45193363300278	0.469360305273912	5.73468507607682	0.0639623319402739	-3.46144492806819	3.6185046965618	0.471318493260547	0.713974338784171	0.937462182160339	0.596069712903698	0.911708311433356
168	-0.600073922385426	-0.404165065515411	-0.851376149552054	-0.278814003190613	3.55803218403674	-7.79431644187563	8.16292438982573	0.616375555002713	11.4685916987849	-0.0633427942193466	-4.23166013051051	3.78629986272988	0.462970890553108	0.60485399866732	0.905623282984801	0.47885283108576	0.870008366137117
83	2.63637189991767	2.523252130491	2.73101617164854	0.129500507868395	2.17058507727191	-3.58981474522498	4.25478834337515	0.337182854653644	4.85142304504997	0.0630548137465773	-3.35184285980724	4.25717757042548	0.471960616545743	0.481893279687596	0.885975161010402	0.55433961899314	0.902863257874843
132	0.773582717272687	0.720857081896931	0.819460390834842	0.184220612785727	2.44981899285846	-5.29862654484513	6.1868124493538	0.399350538625953	7.67896143492297	0.0628274772781792	-4.00863827267541	4.69278226694718	0.468007703953105	0.410078063476179	0.850478459117058	0.465355319259975	0.862404788148002
34	3.19173465461343	3.20410101171238	3.17280149806507	-0.166848418175232	2.19850789833092	-6.02934800761557	4.17261143194588	0.329282386836758	6.7753449923985	-0.0625457487764612	-4.9518145515388	3.95795296043604	0.459447892302151	0.244196408305881	0.768477830772329	0.456047489348939	0.879159300916643
63	2.95424592044111	2.94467838964001	2.95957794527754	0.149147019516462	2.17155057381896	-4.03313993677292	4.54742960031436	0.394900811040134	5.39148327097809	0.0619998848202602	-3.50005987020592	3.90431070613649	0.470890411070417	0.538677828033127	0.902887776395441	0.58137114800403	0.910877885871196
195	-1.63915681455638	-1.68903115799536	-1.57844449047027	0.2690328202819	3.82512119679537	-7.92499204069918	9.8100055195737	0.577379240059426	13.0166219435537	0.061848779360433	-4.05793694979736	5.5418620578085	0.460402397412404	0.315963805676261	0.758393511515763	0.455814742232996	0.843431514724511
21	3.04699813634889	3.16836956861472	2.97037142371093	-0.201331145446161	2.48323398877235	-7.53824726281823	5.14506267667533	0.384104011360187	8.95907028184232	-0.0598311322663128	-6.15567202094691	3.95006633831633	0.459760274127232	0.140233229568219	0.665426404449286	0.437434792874817	0.867961295856464
51	1.52332228873	1.60211047276882	1.4253796752386	-0.256356127119994	3.91468920999348	-8.95724166128115	7.64557180981869	0.621437496172504	11.9857068694542	-0.0590834216000192	-4.56194532710513	3.68023365925732	0.470034246690158	0.372506494599677	0.836141393490067	0.557026649378978	0.902733076154481
78	2.65280766448372	2.68136584343474	2.61807782081141	-0.130782060817549	2.04848452415594	-4.03257886621744	3.61624822969578	0.325780020938934	4.77752798820492	-0.0586980452506779	-4.14007631728261	3.4710213019538	0.465225765166518	0.412254923556384	0.864661939498177	0.522705119752968	0.895479360047744
233	-1.6893844540951	-1.75248779267191	-1.62902109672991	0.274585185191532	3.97659825148127	-8.0478343328576	9.18980281967113	0.655363934226351	12.2967431712168	0.0583637265712358	-3.74134179127406	4.5785446542909	0.466081746331619	0.393267904754045	0.816854290184914	0.489229396915656	0.864933350681206
191	-1.05195847405087	-1.21341487644273	-0.870930414557184	0.277301736036558	3.97384255730202	-8.21654649085029	9.11555686667992	0.695037503417737	12.2664087758397	0.0578997624038857	-3.62440123968121	3.97166698005784	0.464683219313591	0.532610707842357	0.874879474176468	0.512047366765379	0.879507488409891
247	-1.77150717292335	-1.9000488394198	-1.65047400439088	0.243421479631233	3.50182950304022	-7.51583008257784	7.47578604970031	0.589010333777053	11.0899235843523	0.0577778165029135	-4.02404638086062	4.13922680740928	0.465325342598774	0.575062275066798	0.888288671516677	0.502762111680913	0.864428010931942
271	-4.53197781155572	-4.67460330906767	-4.3914269474789	0.304400860473952	4.67120307517605	-9.64432905506364	10.7937881027672	0.864831749698623	14.3136999908147	0.0568441765955193	-3.52944839806909	4.33248000815255	0.471104452165482	0.49591242908518	0.842705058513234	0.523996778728856	0.858742310789931
187	-2.98317232545082	-2.99764528355507	-2.96926070764415	0.354949786269287	5.4318168874607	-9.85784242206833	11.5337760118079	0.978884084102116	14.7351628732054	0.0559490301331341	-3.29098515697019	4.0126828614175	0.472715600361227	0.475128730995785	0.842573309185928	0.524559148757222	0.873432327835115
216	-0.893777498701644	-0.926778977498314	-0.86623973724486	0.203279402778207	3.17998130460151	-6.45991936421377	6.28892870195177	0.518209177235635	9.21270436432995	0.0557720787818518	-3.75414723020632	3.96882353363758	0.471217633322273	0.638720374554333	0.915108728199938	0.619901845081672	0.907050275101499
218	-2.6562855358499	-2.91229641398572	-2.39523984947299	0.324878949437688	5.42112164633191	-10.382996018833	11.5843011044047	0.884150480038509	15.1383153950664	0.0551070494486154	-3.68081670732034	4.24657414939975	0.471431628613551	0.527198150960347	0.86676577935385	0.521144567056861	0.875208184468571
149	0.858727944821121	0.942234669761111	0.722113101597598	-0.169735774030302	2.91541576578448	-6.01458479637933	5.12747726856684	0.516124695322361	7.79488511018242	-0.0550423819968023	-3.940064917625	3.29328643281762	0.474427562691468	0.535034528287126	0.894619612054855	0.636151668890548	0.918616370815165
118	1.32121754550342	1.3046928074318	1.34486769398753	0.149826668955244	2.4903052743939	-5.25436949156126	4.94839167972062	0.446885983953549	6.59733368567682	0.0549083159432919	-3.72408043571177	3.77133369038553	0.472715600361227	0.667625133213532	0.928905493719379	0.604717970223303	0.909033596041676
236	-3.1289224381636	-3.40091259499143	-2.91253432570197	0.286957661482178	4.66415392979681	-9.89864421091852	9.99944061986053	0.725873572970092	14.1549480419425	0.0541852865734967	-4.02435121425791	4.26563066597402	0.469933661574603	0.582429071493937	0.891745788913019	0.581182975768736	0.887836222036946
7	5.07406249287185	5.02423278603391	5.14871268154188	0.173965907184379	2.66811234313696	-5.44018593340772	5.04690822056271	0.428034697918564	6.45918774168083	0.0541339815142815	-3.77826682645438	3.93593273297845	0.47185961919611	0.656852157595349	0.928476222163428	0.460057820124906	0.884019262267527
211	-3.86049639382926	-3.68806041439578	-3.99270864651314	-0.30391657391812	5.4607863123002	-11.1043352204487	10.4075314698345	0.997002234255395	14.6468731806603	-0.0534309432723343	-3.75177074267315	3.33922136507412	0.47367294530627	0.57736130477816	0.884760440080264	0.611525814530422	0.898772677040113
167	0.510172995134711	0.486059132339446	0.536836911776523	0.159867686882555	2.5491947948932	-4.89522193668666	5.92788838918658	0.442896713041224	7.83746423230126	0.0533524748065437	-3.48485604168014	4.4754305390438	0.469719666283324	0.417838044080024	0.847128918032695	0.548243312875602	0.890830720534529
210	-0.549828938136001	-0.572903587946405	-0.527104704768507	0.176382766117032	2.77689705328673	-6.15639082897772	6.91661302342193	0.463266939894183	9.32447036728873	0.053022292154243	-3.86729669117902	4.4080053980589	0.470789642739716	0.486829674818269	0.865397492010676	0.576305386378533	0.889673219249995
200	-2.95515293868075	-3.03413323938541	-2.87301588523772	0.288364091561839	4.74435164327065	-9.74027771279429	10.945324814662	0.778758937061509	14.5150925240176	0.0526774616582303	-3.77340409573073	4.37714847894306	0.471104452165482	0.489957463957557	0.852566334777203	0.532588631995769	0.87215306700585
202	0.103018808634475	0.17279934797961	0.0316526329909728	-0.13518227312049	2.27093396143229	-4.15510324052295	4.87208287093802	0.380364237255591	6.18379783878126	-0.0524336231779511	-3.49762701690746	4.04424223382036	0.474855553274029	0.787126667662608	0.954298602398672	0.628717155527612	0.912319671504145
50	3.14716605597662	3.2372506049775	3.0596620229931	-0.151377300827861	2.43516392481818	-5.21911815291061	4.22844627338237	0.422449000294075	6.04127196910432	-0.0524046342528856	-4.11648570061762	3.29706097453403	0.473571581526347	0.465934449176954	0.885721253375731	0.584717266494131	0.910197114658836
66	3.68777141310195	3.67212400913067	3.70907418184115	0.0900993591320329	1.50599746744792	-2.74039654519969	2.94707886674022	0.280453124033417	3.76815159365251	0.0522683380718183	-3.37380449623765	3.89849387311007	0.476883561732278	0.570854251744528	0.90690090098906	0.588570055944377	0.912283288658949
75	2.60439441153386	2.50580368727418	2.71091752051466	0.12283186296889	2.36740564935677	-4.26145145816845	4.49795190869633	0.352969762643147	5.26209664952974	0.0517149757404789	-3.73429405589898	4.16085393486902	0.474743150781604	0.534589912829722	0.901284110915506	0.508876159375022	0.887765669549293
228	-1.49770234897639	-1.55989667630509	-1.45999650105244	0.224911251385215	3.67381511070015	-7.66233656628038	7.92881051807279	0.681373669142742	11.3552128842821	0.0505565477057807	-3.50337201880786	4.0349279733288	0.475171232971738	0.624813740307777	0.907166967258562	0.632629750171712	0.909121652791523
9	5.54958009488659	5.5857698972849	5.5005328877211	-0.0963321939391188	1.83652873909036	-3.31973969115919	3.60039988983348	0.326068238016458	4.60780113242297	-0.0504698479464835	-3.75094558027977	3.48371309220438	0.47528354385659	0.806338918782623	0.957379609153849	0.57678522268712	0.912648313349416
264	-3.54866002256149	-3.43869649359595	-3.65043534124459	-0.256098604648456	4.47605424795411	-10.2727979023171	9.26844262829114	0.769226849880186	13.5346952564082	-0.0496653764459497	-4.28608869635063	3.76309499373113	0.472287609778668	0.511516502203458	0.859746364353631	0.525344101533706	0.866260999890475
80	2.57376291771579	2.75272916643048	2.27704326162685	-0.133402877428424	2.52849662475811	-4.25459653794396	4.32883662726814	0.432200481783261	5.27447845521311	-0.0477622456108166	-3.49306407404872	3.58255066983553	0.476027397352007	0.821679755311068	0.95904212831386	0.632819460393545	0.918721402701918
6	6.39493968945032	6.40788834726555	6.38306366024737	0.0669763599349338	1.35377146438117	-2.28022556009631	2.75161534999943	0.225576662203847	3.08880801748257	0.0475651951897094	-3.41409747836818	4.02185977151286	0.479023972682963	0.46045068468573	0.881858827004328	0.575372462528397	0.907174568247674
104	1.78429228696576	1.80670850386486	1.75595040553866	-0.122511056984886	2.45735293193952	-4.65929533416845	4.37911329793106	0.396038742852016	5.47277969121011	-0.0474309298970257	-3.85448452781516	3.71809709784787	0.476995506186841	0.758000343805472	0.945774264154329	0.68461701855386	0.929911634550768
161	0.39815789177907	0.362928289434459	0.433382388722154	0.166145289654677	2.79547814087607	-6.14102331300304	6.38063791303712	0.468941258966331	9.16138109434143	0.046771742701929	-3.69657822273322	4.7044645171227	0.472501605069947	0.570281041832855	0.897159721979242	0.617358668584243	0.910195054375235
3	7.08765747324967	7.07244196357331	7.10997400898648	-0.0731537376393319	1.42291825261446	-2.67876814259299	2.31279107677127	0.265003764325484	3.05463790547814	-0.0467528708519911	-3.46578022398109	2.97594520416724	0.479349454390946	0.507038684857987	0.896459194721986	0.630994118398791	0.92025900083868
184	-0.278085521513646	-0.357763583942876	-0.210947691374501	0.176761965900665	3.34203521160173	-6.59914495609507	8.01223393365376	0.518839282430536	10.3729024470944	0.0466504079543635	-3.92390302382031	4.77106637940533	0.472073614487389	0.55023659594527	0.88720796077921	0.603644870507506	0.904096243969166
2	6.96713978009936	6.97423613725206	6.96240974524568	-0.0708514540063176	1.55682392476164	-2.94598090846641	2.65952940523297	0.293481993881516	3.4272320771213	-0.0459699527570964	-3.5461316299102	2.9954114248303	0.48041943084736	0.531598515289511	0.903266365792837	0.610662597301621	0.917798613412523
179	-0.63901822895526	-0.565773728454525	-0.728301640603043	-0.185747479678469	3.66453937216911	-7.13973724359622	6.77283715101213	0.489150309733104	9.55208339369287	-0.0457258797079961	-4.31774552741344	4.19747085665771	0.472174657640808	0.694613917731819	0.931615422551445	0.578038750803117	0.893913987618233
20	5.36797200206469	5.34419431815136	5.41110452646189	0.0664034418720685	1.38101753120989	-2.39094048924518	2.81343305697096	0.242731219546206	3.41589811709633	0.0451443099826773	-3.08542846340932	4.06256029630687	0.48041943084736	0.428211997039744	0.874590904787563	0.656323321855016	0.924276868454454
127	0.538155622059576	0.649127016344147	0.453569866608385	-0.155864033307617	2.94829930200355	-5.74818788883784	6.03649305856262	0.428596387677143	7.30770725300932	-0.0445480708702975	-4.41152263352299	4.42615718774784	0.473030822021071	0.721980575785233	0.941797340326401	0.559507987543635	0.896116862003077
165	0.0431961607006039	-0.0185089871394384	0.111216713190418	0.146168507377216	2.8516500340565	-5.60650124901821	6.2116214494767	0.438586634330617	8.05673852738924	0.0442313856496539	-3.94035053482067	4.59109603745437	0.473785576817626	0.553658656455776	0.894440836559968	0.584435027926621	0.901292575454197
143	0.393059547482211	0.475140209980619	0.294899922228664	-0.14817942424922	2.89201519782778	-6.2288701204799	5.64518829102473	0.426494780952198	8.46426765384025	-0.0440077689843947	-4.66876603948506	4.18090513986943	0.473571581526347	0.623065142893625	0.915174287891616	0.563520435272821	0.896742386613195
22	5.15709869278527	5.15000512889393	5.16198492758799	0.0813313691782462	1.73637157639859	-2.90892910671382	3.3430834922438	0.316224875713642	3.92812529031413	0.0434584666686355	-3.02241104534412	3.65961750029054	0.478279477934533	0.529797002641521	0.900422063192013	0.749320437939705	0.944673361768996
38	2.97597339339763	2.98382164361386	2.96800175586015	0.107983468636128	2.49737003307435	-5.09560895621563	5.3326361241695	0.33727605454245	6.19143358038858	0.0431987718714148	-4.2722698144138	5.15246269540618	0.471532534355612	0.484669611090543	0.888647035936033	0.527949824473515	0.893771976459101
230	-3.39148271082109	-3.25775071232332	-3.52667282643524	-0.263588824573448	5.28547484529239	-12.3498898800872	10.1700449243439	0.922978689011733	15.4455196397641	-0.042942995415689	-4.16282984785686	3.48583022626912	0.478065482643251	0.472742682936252	0.838310647850522	0.611797914108847	0.900403390179982
110	1.64060154714743	1.86194521437478	1.48972633466574	-0.107090774982554	2.29103882782905	-4.20852885413582	4.61633827801498	0.387509863199818	5.48969875098221	-0.0425655960505554	-3.74876232181798	3.76377819486976	0.477637492060686	0.830335411991761	0.962212351414848	0.591882862043368	0.906670213741918
58	2.05681833077587	2.03215895503288	2.08527472528627	0.139654611548228	2.90640916959155	-5.09141995436466	6.13043555429459	0.372633954956959	6.62893590944569	0.0425390886146294	-4.32582796386223	5.18993049889681	0.474743150781604	0.527390558986213	0.900317894079618	0.582147300448285	0.907883193958633
135	0.537204984288512	0.545756012736594	0.532143863401005	-0.141237593742013	3.23428154972732	-5.97579528524867	5.69266023109314	0.458546823368928	7.28004272560968	-0.041964343827109	-4.52030607667302	3.81649189757766	0.474427562691468	0.515402563835834	0.891194867528092	0.686027480968946	0.928610702567113
122	1.16279629224617	1.21381114085899	1.11734495045886	-0.10060573379371	2.16351379934297	-4.63759226793027	4.55718262505101	0.325342576654928	5.65510150584568	-0.041859831593716	-4.32532563487888	4.37721707551988	0.476455479542143	0.773549900529393	0.950863009137985	0.571754453340184	0.900393104630494
273	-4.38485072277531	-4.40704212798548	-4.36624453367077	0.21085941397527	4.66584611802282	-9.42793434550533	10.6853292208613	0.836346578326711	13.7583701548762	0.041780234974603	-3.72940033272266	4.00106754727053	0.480736301443517	0.521964448917125	0.86507707200856	0.567360588290672	0.878423169054735
124	1.48725420366973	1.55920931536729	1.42876721893934	-0.0975278394274266	2.02073357764941	-4.30701127385643	3.90252819011781	0.347045913389084	5.79323536130047	-0.0408344354323778	-4.0163869200957	3.54287136293136	0.477525685017483	0.569133500447905	0.908383437862501	0.669862436931561	0.927532303060368
285	-4.86095448541734	-4.74465526496952	-4.9837877008423	-0.201271391529004	4.6124278856627	-10.1206894227422	9.65623465990548	0.819361147653354	13.615530621247	-0.0405739018425153	-4.16230302833683	3.78651258211126	0.479777444973511	0.516925154904349	0.85575857975979	0.50562073778995	0.854631347029154
166	-0.67702662981336	-0.69577149444743	-0.658851219878145	-0.135708800846054	3.15009591333833	-7.86186307092156	6.03164290264924	0.525760824909497	9.53607961645364	-0.0404804187179345	-4.71815638698399	3.69493018338559	0.480633426138644	0.3870849008543	0.82758550919911	0.660215504059739	0.921121172282461
39	4.57755469898005	4.52560710988649	4.71660800757722	0.0742074914331647	1.82635732682246	-3.40204150680737	3.15667985613203	0.342016330117976	4.08415526676207	0.0400982714228003	-3.25459715865889	3.2999294854058	0.484913331964324	0.924715998863948	0.979402819958842	0.750215304785285	0.944883844975626
274	-4.54902208991124	-4.660648162944	-4.44514791286648	0.220450941603388	4.78397919780642	-10.6965859866429	10.0380082489683	0.835662516692621	14.1799665979485	0.0384141511534823	-4.13955456104563	3.77311212187716	0.480094178158309	0.566993564076357	0.882015456422664	0.529701489831106	0.864965314018262
67	2.21357330268914	2.18635516149638	2.25743391867294	0.0998403573723738	2.28673277867801	-5.41826904854513	5.08405214602712	0.386335506482158	6.58176302412657	0.0380915179128197	-4.37111148619119	4.17936670206924	0.479777444973511	0.790221535684098	0.953665560436567	0.747507392199369	0.942729573955297
201	-1.00149424853872	-0.930870145017568	-1.06228161179475	-0.157752496949509	3.37648473012237	-7.00368016314219	7.78363135149029	0.494494421704358	10.5775814221623	-0.0379465829487829	-4.44929009560203	4.38018987345372	0.476781510895559	0.749898832649005	0.944206859390883	0.642609564472464	0.911793690063232
97	2.44560076103981	2.21601055203005	2.60502913718385	0.0801036667679074	2.04376059507347	-3.74192150623208	3.30870659592081	0.360478210975264	4.57483763210834	0.0379204625398699	-3.56004710811181	3.43401141588788	0.482448630204077	0.890771193810393	0.974224699357827	0.687335027699386	0.931305658694752
182	-2.15551634864481	-2.0670385485019	-2.23612729162115	-0.197599173136586	4.66693065699907	-10.3602358085913	9.42917598197776	0.818446750649111	13.9788138447533	-0.0364460404479164	-4.41128314196148	3.85467121263519	0.480094178158309	0.590006227014096	0.890834866235057	0.664762364509465	0.919910632126811
241	-4.17047577890596	-4.24727175300907	-4.09748841560867	0.201180675368063	5.03252695021091	-10.3462382577367	10.9997806971877	0.837263310592229	14.852622788346	0.0353268448915221	-3.73015441328729	4.04567247591824	0.48170340259506	0.567004874926085	0.877596437041734	0.549850399617795	0.878675926191478
160	-0.0602556576689404	-0.0984067611417281	-0.0225998079302627	0.122238883301305	3.22699738587475	-5.54718705738461	6.83916347933171	0.476190125421915	8.5921554479207	0.0350603098334218	-3.58059373243171	4.70233879906762	0.479238013778033	0.459870795103852	0.868851252337521	0.596997715867377	0.903486497530478
128	0.652750543098145	0.693608409970262	0.613792074841751	-0.128747399494015	3.36726620964774	-6.21874462075479	6.18538899507928	0.551880279363377	8.26424746046149	-0.0349057694655379	-3.49651238856487	3.74427620846133	0.482559383760196	0.772044895749733	0.948645670312829	0.725311190375568	0.936881858553859
25	4.67489750153043	4.66268101691193	4.70428241140424	-0.0658154268339932	1.71525004581777	-3.41739618979151	3.18872992446705	0.282583922534579	4.16148063427251	-0.0345035704321575	-3.87315314718559	3.49243099807433	0.484589041154782	0.864416931152002	0.967058155002501	0.80201358785794	0.95347503445873
253	-3.97516159614194	-3.87757627551589	-4.06091304236828	-0.180626198908882	5.00445375145595	-10.8194504370332	10.2993652923848	0.855525321376684	14.3371177236364	-0.0337064150258235	-3.89766335640353	3.80288899044569	0.48427134609047	0.556874227296569	0.874076633917295	0.580002347446876	0.879570987029522
171	-0.305581061333366	-0.249686703314176	-0.372420625880016	-0.112665365470809	2.97066830102564	-7.05764600113048	5.65325021742376	0.507692025423345	8.43917355775927	-0.0336105528358557	-4.61897121119005	3.64363558736364	0.484160958964641	0.515973678546198	0.883122085057877	0.643680549987088	0.917867967722028
152	-3.63371610463434	-3.57665871732272	-3.68904741858445	-0.205401696928642	5.59849761350346	-11.2844995828049	11.3823729665409	0.907387794340069	15.6290481145045	-0.033012278764496	-3.85742062669663	3.87383846676118	0.483201369634048	0.565213334009811	0.889206034172886	0.588498115647548	0.89711705490248
261	-4.27182226502233	-4.3081239229342	-4.22681356004494	0.179896969371464	4.65150600184481	-9.63056591032532	9.91499080014239	0.787466173401907	13.5217995071352	0.0329079847563287	-3.668085749599	3.93705436738834	0.484589041154782	0.520462589022174	0.849898551891818	0.570632912940274	0.867850790940034
277	-4.19144737038392	-4.13079544185767	-4.25354591784886	-0.161977860216801	4.58226025105161	-9.62140596705605	9.73388419011718	0.80747911585369	13.6753897148663	-0.0319599196422623	-4.04413201162827	3.88078601333216	0.485555317838178	0.57261525979849	0.879751171875303	0.570535618816408	0.882292018423422
231	-3.46113844588302	-3.48328806331983	-3.43806414191603	0.185808513289628	5.1592110662185	-10.693063625768	10.6334019389828	0.967283797044176	15.05118874205	0.0319576017329093	-3.57467229926541	3.90146954815833	0.48427134609047	0.576128418465858	0.873380337415209	0.623243667254145	0.894605146488121
281	-4.56829312339067	-4.60855873944908	-4.50572854491563	0.182014092869157	4.79804224877982	-9.65506084884183	10.6621420594408	0.846671338681312	14.3702608572555	0.031250281757775	-3.92498277353092	4.075396118811	0.482987374342765	0.564344890139496	0.87467339225118	0.570106609222447	0.876526929911267
11	4.27491929472439	4.37780016484181	4.19042014382843	-0.0917156767968574	2.55330275227716	-5.33511797315733	5.63297422910578	0.442451284948101	7.05290386866672	-0.0304451173687725	-3.77914568951181	4.02074744713585	0.485127327255609	0.922598635833509	0.980889078431981	0.719925629347403	0.937764239527874
37	4.15049749508511	3.96621566094645	4.26410241795741	-0.0680116392858112	2.14070280147246	-3.8071491381854	3.45836452796431	0.383044646621802	4.31878916207545	-0.0302745080540978	-3.45919736880766	3.40622964962367	0.485231164439995	0.684698364004672	0.93423500629582	0.728246980134919	0.940226104062389
251	-2.93872804290512	-2.95079410361816	-2.9302954376732	-0.16359019115256	4.60030840910843	-10.3494538815827	9.60781842315321	0.816313346034964	13.8939381344147	-0.0300231560146125	-4.13573480239979	4.03254910835887	0.485127327255609	0.584077660786175	0.888528049913425	0.654423102182988	0.912997758538397
299	-4.9583145570432	-4.88566296922965	-5.02262083580833	-0.165613763020724	4.52396622593909	-9.71165103640821	10.4281995697746	0.795997239287175	14.5203787970173	-0.0293496844764025	-3.82301335370171	4.13932769337967	0.482345388468913	0.560166919001512	0.874587446870887	0.557703367153599	0.869570306463458
275	-4.06416243346795	-3.94210238901623	-4.19854613214793	-0.148694595837767	4.78957239929195	-10.2254602920477	10.6041411416773	0.889923661603414	14.0066894851589	-0.0293290891043335	-3.77281643576068	3.91353236341868	0.485983308420748	0.595090040889142	0.893610201050166	0.605410602853473	0.895115931063167
213	-1.23623040850894	-1.32841105311939	-1.16631256869059	0.127494570232443	4.08100877901243	-8.62501664170616	9.29861656984891	0.672531230225131	12.4016002932649	0.0287430691155591	-3.88598447633394	4.27383458599547	0.481275412012494	0.590610193601792	0.899845878586501	0.652594374612776	0.918327375411806
65	3.39892465086851	3.43671268088622	3.35680738908647	-0.0607144101216281	1.74562088149651	-3.17950752668841	3.06853079044343	0.31237849708618	3.85622147761914	-0.0286781765624501	-3.53298736565933	3.38447774126537	0.485127327255609	0.796503383535537	0.954489474543168	0.787263397829728	0.950420828594356
270	-4.26243323337823	-4.21049892990655	-4.31726412647466	-0.158513166287533	4.73025739140576	-10.5363427525965	9.97296990989566	0.815727855736522	13.867207245829	-0.0280978889221882	-4.07344028373613	3.7018354632559	0.484057350799185	0.535030254834441	0.876021444485114	0.556652860290585	0.870811656333054
203	-2.20568967436787	-2.17733405012303	-2.24429935702782	0.15286198543053	4.97210541583808	-9.58943839586084	10.5704114549877	0.933506240764986	13.6496157261851	0.0276091675054406	-3.75906164289557	3.85216959384444	0.487371575390709	0.621750442823017	0.897246042407179	0.683422998303097	0.926320434493036
259	-4.2060211676715	-4.14468934506596	-4.25073438572683	-0.149915094778936	4.84027433292574	-10.5369169747174	10.2649269163377	0.903638283541773	14.4133428158366	-0.0274261592315107	-4.11165084411209	3.67377865748041	0.486515411010423	0.574228054199004	0.883209890754123	0.579008572708601	0.885518675916365
282	-4.25613657249645	-4.28091350858293	-4.22299578247704	0.124955246169912	4.65368269357508	-10.0346598507973	9.86323874376288	0.804162098505593	14.3993746842672	0.0268553555537547	-3.8575384340599	3.83860597199694	0.487157534295637	0.568192580760656	0.882274844289085	0.573255990147999	0.888977373179717
292	-5.07992896230462	-5.00920461417263	-5.16896548735858	-0.131234804294896	4.30297310314915	-9.53860620955145	9.66676061264406	0.760515567069406	13.5113316926166	-0.0267281816596929	-4.12376570965227	4.02021523366361	0.486839289585889	0.554491574655583	0.86947442690588	0.555721485490595	0.871492658110256
121	1.17527376361819	1.14391540470881	1.20836046813386	0.0738129369134821	2.56528520619422	-4.29179326843559	4.96197791711677	0.398477598962385	5.60049941614706	0.0266052037823616	-3.83266790384423	4.12138547258694	0.487371575390709	0.697890082145391	0.935972302195399	0.717408568569972	0.936418376176544
196	-0.225495700167137	-0.220349252115145	-0.232021131376016	-0.0931829297517668	2.62369740097062	-6.20685677192031	6.61466312928768	0.470936489333906	8.75314305652168	-0.0260413954070071	-4.02576156935044	4.62175113021686	0.485017123344924	0.741233653812834	0.941323719319366	0.718530525632368	0.933634445556912
133	0.740842322697783	0.735996465819629	0.744059005257102	-0.0810161679157915	2.80704831994036	-5.38832863863583	5.29799366877058	0.474710544356808	6.8335659727719	-0.0260316545674518	-3.68078267546529	3.61074691974258	0.488441780866068	0.795304618542181	0.954957631973753	0.802710285385113	0.954677224339348
291	-4.78540792633039	-4.69517650535378	-4.85913975430343	-0.134595638726292	4.4799238326954	-10.3435811177039	9.31276506761522	0.775446416928414	13.921222473271	-0.02597002596382	-4.30672331734972	3.72942116113494	0.484589041154782	0.494904516737337	0.839356108619536	0.509216293368342	0.845938621721878
290	-4.74151011239291	-4.77543606408911	-4.70494452220259	0.115289076079461	4.28986393296949	-9.76423346182747	9.42283091033959	0.709373070275209	13.5263637976739	0.0254381702729676	-4.24649806351341	4.28321218551685	0.488227739770996	0.531727633592936	0.856248524618865	0.533678114205709	0.861172319357777
181	-4.54751803565499	-4.59270795086762	-4.49553958075214	0.160931821831119	5.5587800930066	-10.3771939256507	11.7764201358556	0.932661960325225	15.0233321983305	0.0249582563110519	-3.62350283232797	3.90413741687892	0.488337256624886	0.556738494485297	0.875225837636799	0.575412680348453	0.881180769426397
260	-4.09312185506987	-3.96042639457145	-4.21996033546227	-0.141625357792549	5.07582156924882	-10.235370486735	11.2136500144034	0.8669217929621	14.7121433386781	-0.0248036892651832	-3.77813706192187	3.8735145357453	0.487909266042315	0.58038908250897	0.88738360603776	0.608337051593445	0.897423519107171
206	-4.55924846498973	-4.59144511970562	-4.51867580880471	0.148041614783931	5.49741505060277	-10.3309064394126	12.0895762146619	0.914587480821037	15.1587980554293	0.0245425315015151	-3.73691994782715	4.22842777133246	0.485555317838178	0.543757385401488	0.865045059870138	0.572758863688755	0.875849717205181
105	0.564232550994296	0.571059750816777	0.559802619967943	0.0834838727994196	3.39319499870245	-6.93968902796602	7.0222057908367	0.448219201341412	9.64556185308796	0.0237738164972229	-4.5222192107625	4.69548714445149	0.484589041154782	0.727210411607617	0.940130138500333	0.730238089045654	0.939454793351316
175	-1.48393566234216	-1.53282067907619	-1.4198624143107	0.131286902060994	4.67718788748602	-9.71952561650112	10.2727028308392	0.740886824303166	13.7906705898179	0.0229989679587074	-4.03562257842197	4.30530806905054	0.485341322546893	0.633222371006152	0.914654292091822	0.702099063638493	0.931433824322222
298	-5.16073532941762	-5.11435215289703	-5.20381482851962	-0.126194734737777	4.45425683828392	-10.7100917730146	9.45293440299163	0.767662876972265	14.165074213709	-0.0225514562937251	-4.59229440543963	3.88221658100917	0.486943493200566	0.442880766222587	0.821189081108503	0.493327588676007	0.835315895885226
59	3.01874568616492	2.99746593545501	3.03356154433723	0.0539169159618464	2.63726412355472	-4.65159743782335	5.11753544194231	0.435254993923565	5.77693697567338	0.0215586650648532	-3.27445159568006	3.71831445048943	0.489940068531573	0.777428490226293	0.95112734106303	0.83192230859674	0.960217697255879
29	4.77025102628312	4.81190302539277	4.74223804898678	-0.0313100597312124	1.44764350236435	-2.65178075125831	2.8593474958646	0.253122272570776	3.48905111238786	-0.021191243655243	-3.56899940786891	3.76594816131259	0.489621228372601	0.864819407492942	0.967468984629014	0.843675252490717	0.961167923949391
103	0.980394413338136	1.05799370700434	0.912692587693452	-0.0587907280148379	2.78172269077955	-6.53305853766397	5.61053926894186	0.513268725483884	7.93605197160214	-0.0210151720048676	-3.85503976568876	3.6299694798388	0.490796232911862	0.837255444475286	0.960853067671866	0.81870399384455	0.958471164577782
150	-0.0714512455703336	-0.0312151456646506	-0.109668484064844	-0.0726969910182484	2.80886306319931	-7.02152643124321	7.55264398394997	0.378381617198679	10.5287127583845	-0.0210023993750171	-5.21958832734059	5.50534367811809	0.484803082249853	0.731577207646646	0.940819622533147	0.706754085432596	0.93061877991772
45	2.38326937195159	2.33881576538653	2.40873062600273	0.0680512103453701	3.39142258944875	-5.47541615587973	5.16294044125674	0.404855453321987	6.3757684499978	0.0207873396199173	-4.89655997285322	4.61624524637847	0.486625294294603	0.701840905833003	0.936919546362418	0.81055456564644	0.957019683581985
134	0.396489800555595	0.355978322724702	0.463765877417379	0.0669708202193435	2.76660245900761	-5.39794666274329	5.84587753886762	0.373119031567866	7.12464570713647	0.0202460347416053	-4.40385792876714	5.18122183374117	0.485873287725209	0.641721997853287	0.923765077036667	0.706104090422162	0.931275433642618
120	2.29658407912753	2.22509530688737	2.39298454770413	0.0439881760633654	2.25552477625831	-4.14956380468337	3.92907466910702	0.394802856617033	5.21746835985058	0.0200775078495489	-3.51192804432741	3.56043231333645	0.489407233081315	0.846522028368901	0.964018172033633	0.853479396928429	0.964372955260832
294	-5.08108837988605	-5.14621372258361	-5.02313225711689	0.106073555713446	4.35087344892819	-9.30377767511039	10.2789659498941	0.781595461429314	13.731549508985	0.019158312587257	-3.94164369317394	4.12983772957339	0.489511986341429	0.524903331028055	0.85832186604667	0.518549845643244	0.854762910681955
82	1.45879818395491	1.41121188909986	1.51673683663777	0.060275843010583	2.33772608755961	-6.95008958384702	5.62335614205143	0.315704744746	8.44284921183	0.0182632623845878	-6.22484979999021	5.15050477501486	0.484160958964641	0.693137490317266	0.934581680207004	0.699283673863884	0.932515507745516
91	1.81625599639483	1.88388979064983	1.74330815419437	-0.0514777273398082	2.4396812321783	-4.85404480104932	4.62268106739529	0.450730984947691	5.93808999186155	-0.0181488385635117	-3.64466005434167	3.4618879962584	0.491761181285462	0.81367811446872	0.95746067638554	0.79583877624421	0.951574325561465
108	1.88738252423164	1.86748272518385	1.9128550261734	0.0417225664720284	2.12165816448327	-3.93041126341002	4.15240593532804	0.318760999393994	4.89610736601246	0.0175031715023634	-4.10127198533914	4.27874874703918	0.488869863056212	0.750902824879009	0.945232552489848	0.789069984970008	0.951785922436667
123	1.58934767648	1.6001309215402	1.58062233900045	0.0399840158925242	2.03352448420929	-4.27443376691953	4.72859025010313	0.314403955344735	5.66537489999059	0.0172873503318962	-3.88075439268286	4.53707847875415	0.490691204829031	0.612734983575823	0.918862135334971	0.753403611329966	0.944032675512326
177	0.107596179696794	0.0843501165746021	0.132959880976966	0.0456100940074577	2.68118096588449	-5.88443575870534	6.09568904837931	0.452970100140379	8.60706225897795	0.0172562910639215	-4.10487172935889	4.32448255044059	0.492189171868034	0.730248128870838	0.940194242983491	0.760655249997586	0.944676261516309
268	-3.80513024975768	-3.75996820762568	-3.83859788883655	-0.0917520934181226	5.17741809064323	-10.5421991873407	10.814895252044	0.982775886827748	14.5579996755617	-0.0172417830897687	-3.60026524321523	4.00518453409529	0.49229452057737	0.643279855793631	0.909571628868889	0.661698924323914	0.915170656564494
117	1.71463380360393	1.75419972245401	1.66982816889139	-0.0339347371883818	1.91023788201253	-4.28222449135773	3.45540685593292	0.357060981344823	4.87397647135808	-0.0172007132005885	-3.97200412581598	3.36884678696381	0.492831157741893	0.590848391154629	0.914368310243778	0.795916059294463	0.953480267637243
288	-4.37607861696454	-4.35735150007061	-4.39490170226161	-0.0713422360042664	4.32169874214913	-9.5784993912309	9.37260283559174	0.776333200626516	13.4948008310377	-0.0164808965823399	-3.98632981271243	3.76247747338879	0.49229452057737	0.587675943247738	0.886117182900121	0.618538738930241	0.897677948297541
238	-1.17214783486947	-1.18584696810459	-1.15702884367973	0.0551838258578332	2.55739170111424	-5.76047166424156	6.83305048665236	0.456777573511968	9.56912024648877	0.016252283681682	-4.00347077992772	4.54704927043852	0.488227739770996	0.615603920684005	0.907083881289828	0.706909100013982	0.929780540299582
77	1.49143200353175	1.58178734338649	1.42842951531909	-0.0739376501606737	3.80063703266706	-8.11164918150584	8.97649401281689	0.549197734285534	12.4870466803097	-0.0161355558280905	-4.73836388369679	5.15523171964024	0.488123261333601	0.79281353600364	0.954209107906264	0.770725372117703	0.948157152710228
129	-2.21716891612814	-2.47267124890938	-2.01637780360997	-0.117875838703573	5.93866373797105	-11.7283639523488	12.1321254864448	0.997488406530746	15.6342278219371	-0.016041135781743	-3.77568160088576	4.16055678700288	0.491119195411603	0.711229654438331	0.935603601347073	0.773987630930619	0.948179522396485
15	4.59544896821842	4.58793863028892	4.61021636225864	0.0311879151551211	1.87055176671809	-3.83665140863503	4.11347583292759	0.322044435487104	5.42145598774745	0.015514639887072	-3.71869190986087	3.98634540912647	0.492617162450607	0.751196890954012	0.947168448688457	0.864706236862428	0.968636891567912
217	-3.06347925674222	-3.1479876244816	-2.98008649258577	0.0850169959675871	5.03848708260255	-10.2877868402671	10.0829944925895	0.889321523827464	14.2341722939804	0.0151541303329894	-3.62626332743274	3.99861475901537	0.491119195411603	0.666545920595463	0.920477647069802	0.712690089840293	0.9316585378587
278	-4.51891314892014	-4.44213977741775	-4.59286003401505	-0.0788676727332414	4.80672881798416	-10.1967630613805	10.7752958829159	0.865266907493362	14.3174134361027	-0.0148682101859097	-3.77453812270775	3.93252324063912	0.493259148324466	0.561452722267201	0.872871778688794	0.574915835471017	0.882058418463083
237	-2.83721914115858	-2.78246196005122	-2.88780835628762	-0.0722042472358746	4.83204111074013	-10.264077245119	10.3792290270321	0.830904337587353	14.3079525841622	-0.0139784593850294	-4.21402128129088	3.92025227352274	0.491866438387225	0.645551845444551	0.918518488221523	0.698074075562823	0.927584765826848
119	-1.08205684564357	-1.4886953238298	-0.812494615147641	0.0846689075381981	5.68269873515568	-11.2032803772213	11.4536606034743	0.955039166648912	15.5845582364899	0.0138764877540356	-3.94419913957379	3.75757122373179	0.492936643862588	0.710500047462436	0.933873736066323	0.81026933979469	0.955928826114107
257	-2.75863766689073	-2.6773643008132	-2.84536779094766	-0.0677955938531722	4.49197729777597	-9.9975557682353	9.93516206778315	0.756113643218477	13.972131718568	-0.0138486495523432	-4.28127241704818	4.09103299134307	0.491975176576748	0.62311178619102	0.898566172562368	0.695250888013585	0.923582178768363
35	4.37279159380805	4.35942113135777	4.4079008799089	-0.0233115144314331	1.66585124166394	-3.34482313008679	2.91088078813125	0.287610141323764	3.92149827866646	-0.0138315502119016	-3.85917260733689	3.44711699090525	0.493473143615753	0.730525004596401	0.944103222652858	0.866270381292868	0.966624515817608
258	-4.31920320912198	-4.25581274143233	-4.3961000660217	-0.072304476698676	4.84230497379948	-10.1834450713857	10.3668192689293	0.831276048781099	14.7498824893127	-0.013737387089444	-3.84316565287919	3.88969365406764	0.49133319070289	0.577611542139485	0.888777057562653	0.575475570982321	0.88367109817484
280	-4.7795905228616	-4.75111923971877	-4.81050071628303	0.0705678107048318	4.42742013204239	-10.3019314222296	9.61782627062522	0.743702689118905	13.9234200275309	0.0136748840405184	-4.42307526319561	3.88995793102111	0.494006849337953	0.523165917219388	0.850905395312442	0.541860495725821	0.860058290202264
234	-2.40625012945724	-2.38836219225321	-2.42887783392419	-0.0604302160907304	4.1065272666152	-8.70620004879603	8.68102109911486	0.69150337453586	12.5718194322788	-0.0134104022407384	-4.03408813489803	3.84837517915084	0.493901134198326	0.65331169758573	0.915575717323788	0.685693214063486	0.925847694586318
164	-0.0354242453505256	0.0954314742552649	-0.170580457261387	-0.0507756781280726	3.6220912737883	-7.28688671286867	7.7130347250884	0.560473610311033	10.7818049487274	-0.012815332401377	-3.86134775030613	4.40435721276041	0.49304515303318	0.748872572324682	0.942199853157744	0.789530286690028	0.94980203918806
131	-0.61764843386157	-0.721077611692222	-0.532040229440468	0.0550693300559502	4.47771321253354	-9.45090816015616	9.65235833103776	0.678032396918705	13.2560806539513	0.012132028639225	-4.21478407482483	4.4524081028688	0.492403167159321	0.734392539757399	0.938591134454788	0.769736468584441	0.948947380742359
249	-2.72235804268802	-2.72531718134082	-2.71838016678341	0.056888695098837	4.70182290923652	-10.411208372911	10.1644100808747	0.759616574680036	14.2368539049557	0.0116703375531298	-4.04543762644502	4.32827899629823	0.493901134198326	0.591925433040018	0.892773317860451	0.66046790715634	0.915704666386097
178	-0.74707210481303	-0.730001097581621	-0.765741131103861	-0.0559561937539987	3.98298148590326	-8.47976508295472	8.46243244058713	0.566772954431116	11.6649036887385	-0.0114584159203446	-4.5235450768081	4.63176274118903	0.493901134198326	0.733964790340676	0.9359068482811	0.778291393348348	0.948793560332562
248	-2.61195682076355	-2.629657387115	-2.5914993304777	0.0650969138346209	4.21859260135196	-9.19513301138074	9.70112533335426	0.697287951602873	13.233953165285	0.0112466547013796	-3.9669307892743	4.40083475860393	0.494006849337953	0.609672387298869	0.8983745110994	0.704748141320575	0.93044326991973
204	-2.44672213156987	-2.25798217891946	-2.60856235399812	-0.0752218628786716	5.194336889619	-10.5622259732683	11.0047605046914	0.884650168244781	15.1491417467507	-0.0112098668354735	-3.84231323461555	3.89645884940685	0.493150684957661	0.667266160277883	0.915597880370964	0.706871236879855	0.932380438771536
4	5.37471949326863	5.46703829780869	5.31356488394786	0.0269114757120072	2.82063240540052	-5.45403096983176	5.53971679625592	0.472890378358199	6.76273107613302	0.0101818460141265	-3.68756092025512	3.69785461260908	0.495613096528619	0.913130058430007	0.975587735776467	0.892031786379255	0.973090504739711
254	-3.11513999367094	-3.05637827067325	-3.17046403511546	-0.0480800050647643	4.74674730500462	-9.95485449100814	10.3019769458441	0.794487005747854	14.0522568096458	-0.0101325707501262	-3.81628254080173	4.01009061625001	0.494971110654759	0.617862450688476	0.905643465253783	0.658266792119546	0.917338436307905
88	1.60551758714832	1.67562678956797	1.55539233684749	-0.0288505306016997	2.7766923312225	-5.65928571169057	5.67159459029384	0.364586498624128	7.2583356447233	-0.00969168412135221	-4.71329157383407	4.62288874178272	0.493901134198326	0.866764649002761	0.967360412564804	0.812258371945927	0.958182138148051
296	-4.68421478689142	-4.6225447039907	-4.74434686433407	-0.0472107792028185	4.31163453028814	-9.34870676635444	9.43068214432724	0.76532606131744	13.1189622201571	-0.00921740765312741	-3.97345153559945	3.85416449721808	0.495827091819906	0.539963901601942	0.864496576642648	0.543157504234232	0.866031945538377
256	-4.35869766671581	-4.25542871641141	-4.46496355803596	0.0454102363856848	4.88088924119957	-9.95630170993009	10.53267946779	0.871571636631016	13.8834495005966	0.00914723478244406	-3.65578285672329	3.8646658671184	0.496575342478829	0.550040461521583	0.878048477948809	0.59294986352492	0.891839151244557
267	-4.53540065309473	-4.55777536719762	-4.52214395419694	0.0484070326467991	4.56985886404806	-9.483788489499	9.77054226466081	0.828069200586671	13.7343714487533	0.00884262904108562	-3.85702375247174	3.96453678256076	0.495827091819906	0.513264417080112	0.86459421731252	0.545641008762214	0.868880618782188
232	-0.662676105608964	-0.646408979664518	-0.679177475164167	-0.0256324133616008	2.36296452337161	-6.19303774941944	4.7016248038812	0.449992295651631	8.44498801860864	-0.00876578355253724	-4.33648822043676	3.95357243012586	0.495077054813317	0.628520743092518	0.906609507083438	0.705241144612619	0.929663664189443
239	-3.69047286408603	-3.7049846726831	-3.67330075916439	0.0490397700894309	4.85742484837011	-9.82735196938387	11.2190040439606	0.854438216847939	14.5969317131475	0.00784085766734231	-3.93633514400748	4.07053370194288	0.494863013718244	0.575294545639771	0.88662706976135	0.644041172849469	0.91247413812197
73	3.25178475772238	3.21295675762554	3.31981475263275	-0.0156557803173767	2.089905682605	-4.00579737433768	3.64866521217813	0.360668628218687	4.614765831767	-0.00783868584853512	-3.52564585318528	3.34509882177715	0.497111063567627	0.760498568557521	0.947250337571989	0.84033065280375	0.961571302199579
74	2.57158016229857	2.63576166091041	2.50522398467868	0.0187962703303528	2.06770040205442	-4.40333541885006	4.53874881624451	0.351703036541036	5.85558615679134	0.00703324268402153	-3.71978723712823	4.11341841153271	0.497431506859122	0.678868151181906	0.930869316003796	0.882787773008921	0.971349208652386
170	0.473379808447064	0.477536341981037	0.469051781368178	-0.0205537438183478	2.57133422247343	-4.72720996795699	5.51775904414068	0.44467920278174	7.0305134776089	-0.00661667758408792	-3.70634790252531	3.99363523288997	0.497325058858914	0.703675775931011	0.931180318994868	0.784424341993318	0.949310672405238
68	2.75411751910585	2.78563079479225	2.68285105424579	-0.0135122179799385	2.32243614574413	-4.37206954935395	4.1359801569362	0.38096607624291	5.05275826702633	-0.00600585306042445	-3.57099728143982	3.74566929992464	0.496575342478829	0.864587140658962	0.966949243538452	0.834509474249152	0.960894106635984
130	1.02855484430599	0.962466361265473	1.09628714240199	0.0151137365718395	2.80408305805569	-5.41648148316094	4.57428319519125	0.493662863967044	6.48419398405573	0.00570797762655035	-3.62466480749281	3.40806659934362	0.497111063567627	0.790688596296022	0.952563581441085	0.856796421639184	0.966976024375016
194	-0.426207261739871	-0.443008865175688	-0.409164198542304	-0.0137171932067996	2.67382625152263	-6.50759314474787	5.49403131233537	0.440225806894917	8.64707204407882	-0.00561529664807187	-4.4831484403579	3.77378907133791	0.496683072985053	0.60639241313989	0.902829540871579	0.751267528272485	0.942011744798262
98	2.26910878833748	2.24332770026334	2.29699055935465	0.0115682673784443	1.89273741701933	-3.99592575025255	4.33463704965257	0.324621376147062	5.29886908081602	0.00540158357527242	-4.07424007330987	3.90105923276107	0.49689706827634	0.874564193514134	0.968556045204824	0.842155819625755	0.962297284161894
227	-2.60582334747343	-2.65114447312916	-2.54638638252347	0.0253316303789211	5.06107040129086	-11.187581146079	10.4784322396455	0.818703488457068	14.39287967466	0.00456257074009236	-4.25012056169306	4.28115418814634	0.497431506859122	0.634168468453184	0.910209220737453	0.71024315122365	0.930800989164278
176	-0.193536379590171	-0.13187489587949	-0.239928452129112	-0.0173349104219813	3.25076485703363	-6.68050849230208	7.0357497524046	0.545512040819999	9.91656845847867	-0.00436215008758811	-3.94025757112263	4.26884301877399	0.497753049441487	0.730744480345005	0.939373015824574	0.83720441064751	0.961061752550997
158	-2.37246050382297	-2.33168165740015	-2.4381296995898	0.0301294230617204	5.31203250158599	-11.5280435999888	10.7780000303832	0.885235957511606	15.1862567800392	0.0043318546602203	-4.15038169824828	3.81209775768554	0.497753049441487	0.679099374721751	0.923314169509819	0.734857657984474	0.938655355566459
193	0.271139213207075	0.305332189224061	0.247162129782778	-0.0106513114854225	2.4592961059511	-4.86395970692578	5.17914212606409	0.424081963234753	6.88827058560809	-0.00419817462035397	-3.58389572950123	4.21302042020743	0.497967044732774	0.755523625615923	0.945603866752675	0.788604357729746	0.953644982528262
139	-0.135679317268598	-0.205254927131199	-0.0670590808504388	0.0137067661396841	3.40795705005841	-8.63209051169176	6.8861088196465	0.471409629201021	10.9773084081027	0.00417196059232305	-5.15574536677988	4.40064775043689	0.497645547954194	0.570062987917786	0.894769014517316	0.768448152074954	0.946323554364118
137	0.0681987165831979	0.0409333581796885	0.0912456229516971	0.00938545650360911	3.14403748030732	-6.82933810140861	7.14015876888866	0.510700173370862	9.35216088917027	0.00275453306133983	-4.07201534781701	4.10264459236792	0.49871575342956	0.794160741384514	0.952822879979889	0.802225455542065	0.955100969970503
101	0.26262499340619	0.284734465800849	0.244254329657458	-0.0112529691392114	4.05610888808419	-7.92071666734955	7.40593618396674	0.511433132514582	10.2741074444443	-0.00269269566135828	-5.11553713802173	4.15664460176298	0.497645547954194	0.68604695152802	0.931357610148568	0.79238069795076	0.953403195936178
272	-4.76737414759891	-4.72843386099337	-4.80136646277819	-0.00269718070291436	4.55626566495586	-9.79959745125679	9.65112218972905	0.825647394928248	13.7488486928906	-0.000545135681753961	-3.81474420303236	3.68933303258671	0.499679007063069	0.537576116493198	0.865336737762912	0.554880978077799	0.875367588168394
286	-4.25104480741473	-4.21704523558234	-4.2847300716324	-0.00177017950029157	4.60056953411127	-10.0939954798194	9.80482976349272	0.773536498033862	13.783032822857	-0.000187045383498155	-3.94680518735281	3.67194566524214	0.499893002354357	0.586727851782776	0.893491234423948	0.61164908784635	0.896474545992401
220	-4.20199561155356	-4.18811086678775	-4.22157643113664	0.00115484299608326	5.33971250077433	-10.5003252060039	11.3085167481625	0.863215068582812	14.7023350237857	0.000133264708366612	-3.9769104467313	4.01410006610638	0.499893002354357	0.591554657513123	0.896578080082352	0.608789418347159	0.895740219811687
